s,lift,drag
0.1,66.15482137484894,4.869845396321232
0.15000000000000002,66.03462978601829,6.737621663327678
0.2,66.56325119385274,3.655523755575958
0.25,64.73456556271478,5.502960397439985
0.30000000000000004,66.60722135022503,7.734436638654467
0.35,65.21238128588953,6.381706252109969
0.4,68.25144991516387,7.331784038092983
0.45000000000000007,66.39721399772337,4.715574600151808
0.5,66.0279536038237,6.406666241959395
0.55,64.32746528787433,3.890329421081293
0.6,68.91039565798414,6.23521758766124
0.65,67.06111591879338,4.6620141377902415
0.7000000000000001,67.06371269429205,3.5579728416738767
0.75,65.74631934448765,4.863871653812161
0.8,66.5173581140862,9.14076597669894
0.85,65.42853878057197,5.455472738942775
0.9,68.05653695112278,5.462980763583738
0.9500000000000001,66.9521120552218,5.399051524446066
1,68.46357678893959,5.137884141490558
1.05,67.755209213925,5.015691441087031
1.1,67.34477390000141,6.257619265275014
1.1500000000000001,64.23151139897443,5.956173698768155
1.2000000000000002,68.29166904028405,7.257713951572539
1.2500000000000002,65.1756061039687,7.205454544778187
1.3000000000000003,66.71105237407173,6.863864075828534
1.35,70.19201824762139,5.997215697028464
1.4000000000000001,69.36362747087259,6.551433524360027
1.4500000000000002,71.59110134902119,7.867380686614624
1.5000000000000002,66.00566717309145,6.031563737568389
1.5500000000000003,67.09032680890571,6.258337415397998
1.6,64.37852076607938,3.4976835754054196
1.6500000000000001,64.5876799577842,4.621083670954556
1.7000000000000002,66.81277353143788,6.767557681070282
1.7500000000000002,67.17154378667264,3.95496986363875
1.8000000000000003,69.15090997230405,6.098558916212108
1.85,67.91882092154869,5.650304909414377
1.9000000000000001,68.6592631514073,7.464853827336274
1.9500000000000002,66.43352051930987,6.849703792693437
2,69.41325068735382,5.3953529987856275
2.0500000000000003,65.64166074079715,7.611418879686759
2.1,63.862594758913644,6.6493130317176705
2.1500000000000004,69.6381750983375,6.282728075263467
2.2,63.39263088083744,7.9639099373773
2.25,67.92355839124407,6.638245216602712
2.3000000000000003,64.05881960037784,7.91445439174914
2.35,69.40538591964577,5.965285821036729
2.4000000000000004,65.70936674996497,7.151274128092444
2.45,64.7570481889628,7.562720636992355
2.5000000000000004,67.21080432188899,5.2023504629662805
2.5500000000000003,65.92239998502056,5.76061430669801
2.6,66.04301589529659,4.000821200068437
2.6500000000000004,65.85177500300809,6.033010042747234
2.7,66.84917524882034,5.1190049549117935
2.7500000000000004,67.5305341514695,5.749288543953521
2.8000000000000003,65.19598659986096,5.2886165127821725
2.85,64.6070732636672,5.629583908912891
2.9000000000000004,69.13311279439058,5.413942456565346
2.95,64.57541040020071,5.269250813169267
3.0000000000000004,69.50298704877359,5.541947862078116
3.0500000000000003,65.89679004364841,8.242723599746812
3.1,67.01492621566022,4.774190442009272
3.1500000000000004,66.31493496645967,7.548703539766766
3.2,67.33715226655599,4.99556213753169
3.2500000000000004,66.87055464008671,6.658394922655748
3.3000000000000003,65.00757505571849,4.830061683029077
3.35,67.12102187385798,4.582678981797094
3.4000000000000004,66.11641840767885,6.864868461554674
3.45,67.47609715472025,5.899046582674672
3.5000000000000004,65.81451058997303,3.9368448050509666
3.5500000000000003,66.75497042943412,7.285168952029539
3.6,69.77164208330507,5.321416051167601
3.6500000000000004,66.06498834441817,6.4072828480055755
3.7,65.62773288900252,6.737235310052756
3.7500000000000004,66.93154553126557,4.377904210121996
3.8000000000000003,66.44078901756882,5.182962816403091
3.85,65.27095030768541,8.551025048791638
3.9000000000000004,65.6113528814555,7.125805763291664
3.95,68.8894484681278,4.0422160983947055
4,68.5456804684686,5.724391552794665
4.05,66.8409617669241,4.4789140256016395
4.1,65.69599309054738,7.763329238110817
4.1499999999999995,68.28214746168118,6.186224044942505
4.2,66.83385654282489,5.760078409992289
4.25,66.35114533379377,7.712843993163329
4.3,67.89397900377604,7.864025297874575
4.35,67.77151080316878,2.755580880580983
4.3999999999999995,66.78211153917698,7.180386987354928
4.45,67.73834837158454,5.596697179754798
4.5,66.62799354624664,7.256910198366579
4.55,65.939205266573,4.933869244857002
4.6,69.13177679936572,7.138326851061289
4.6499999999999995,63.77602252616413,4.897868822762706
4.7,66.70842826216594,6.669223931628239
4.75,65.81866032388972,4.342364335989593
4.8,65.94036553350327,6.312129246064518
4.85,66.6825076177701,9.327037971285552
4.9,65.18749004982236,8.01686365734709
4.95,67.60673450376423,7.52959346447618
5,65.34080756917656,4.635132146384851
5.05,68.5858129584917,8.163067990426207
5.1,65.86309042748898,7.48440833505938
5.15,68.41414910200885,5.371853472923722
5.2,67.1074250003638,5.698815999732481
5.25,62.60066460072779,5.282707211822188
5.3,68.88119749297496,7.438777824635624
5.35,69.00383488834188,4.899762867633763
5.4,66.02019988472527,5.683108742547803
5.45,68.45152275234213,4.505489199728227
5.5,67.64885911798989,7.285055181337759
5.55,67.94800032584838,3.9399176181044138
5.6,64.2406438722309,4.355452241007188
5.65,64.47227180697791,3.894429701658412
5.7,64.60562898468828,5.248943595700246
5.75,68.12007717366234,6.62790074081839
5.8,67.32519349183892,4.1528580358136695
5.85,69.3081722020199,8.419308190578121
5.9,64.85625040934111,6.506491592850141
5.95,65.10275742566016,5.52410585684118
6,67.5922830493396,6.28490257978543
6.05,64.89162474995814,6.814867056501063
6.1,66.36590214573242,6.455582400850234
6.15,66.39063369944778,6.577959311452589
6.2,67.97009074152376,6.203568365655204
6.25,65.4040232123639,6.7662329426725885
6.3,66.97737220875183,6.021110428684886
6.35,67.86028343420226,5.843380809235381
6.4,67.16880576097275,3.944640720814843
6.45,68.85177071712152,8.031218668356088
6.5,66.67991782290765,5.310115400637361
6.55,66.21927814635565,7.453738933785943
6.6,66.93778111716787,5.306677984072675
6.65,65.19392762011594,8.09432640786402
6.7,67.32187320730729,4.840026128280199
6.75,69.09307976096659,5.438736847082441
6.8,68.97586751126406,6.068289101921069
6.85,65.00836516608629,6.256390787378097
6.9,65.42443723061177,7.234046343976953
6.95,66.09861634786246,8.601774478999786
7,66.83759663734526,7.449511161508216
7.05,67.09223645735567,6.04109476970101
7.1,63.99609545801238,6.065697839111224
7.15,66.17829724826751,3.462914033463816
7.2,67.84518685498877,6.977463089536174
7.25,68.13457904443847,7.184235649674118
7.3,69.10546356251126,8.498680412165005
7.35,67.32264539768339,5.2832802008367485
7.4,65.46990481523648,4.321521160464442
7.45,66.80212928525759,6.272210521392662
7.5,66.95659234127973,4.97103356097511
7.55,67.4688501851198,4.388818479663958
7.6,68.04485986778553,4.97824676173974
7.65,67.589255263601,6.00614923396015
7.7,63.906614628401286,6.835533965750045
7.75,68.19337280892701,6.986004810801033
7.8,68.49901982211246,7.457513975617719
7.85,68.44635781564187,6.011934334678782
7.9,65.03122180753198,4.40373371485169
7.95,65.83951734782191,6.643408203785098
8,66.70430633159273,6.60151938890575
8.05,64.93405289406512,5.465570975133353
8.1,64.48502304885989,5.870156045286523
8.15,68.994435151059335,5.933512198571145
8.2,65.72999104662344,6.689493418964925
8.25,67.50338612564767,4.306760349180102
8.3,67.65299244266649,6.374232459061658
8.35,66.35998721246483,8.131122375454899
8.4,66.60958931599833,3.759772404683595
8.45,63.07923688532736,5.258867139958332
8.5,67.11634646603945,7.544280687430419
8.55,68.52656665236654,10.244520372267655
8.6,66.36815339905857,5.482542931135028
8.65,66.99968741929824,7.348666189756067
8.7,65.25515555906482,3.794508677760553
8.75,68.29454492528335,4.852898517851931
8.8,67.58343859191169,6.248152738257102
8.85,65.29039656438505,3.6711915200333447
8.9,66.88327520209633,7.093980782046603
8.95,65.95274299182564,8.565763025569778
9,68.26625319559436,3.6270307876651913
9.05,65.33459257865523,8.384715127513356
9.1,66.59980236913303,4.499326871637659
9.15,67.57261275035708,4.376912329100671
9.2,67.63567150851992,4.401913193974187
9.25,65.68832914358606,6.40873718391523
9.3,68.99064102636596,5.605811190680424
9.35,68.61574429599979,6.103622394610023
9.4,69.27254974150962,5.764858542476481
9.45,64.56836742362722,4.958843529469725
9.5,66.31672184379231,6.717312164444918
9.55,66.14666407897178,4.816420421020222
9.6,65.00959036123018,5.765555140563881
9.65,64.13010689830024,5.369864401545907
9.700000000000001,66.27923631748267,7.4695282988704115
9.75,65.18059233322923,8.151829342689506
9.8,65.09126938770885,5.403609864400531
9.85,66.72994372057143,7.340985827605856
9.9,65.2965428044435,8.882025486833673
9.950000000000001,64.31173407665153,6.970039987728123
10,66.5536901363477,6.961494328776221
10.05,66.02697540715835,7.512861971647688
10.1,68.42150576142804,5.738820768201663
10.15,65.44372814293499,4.698628297863051
10.200000000000001,65.90227370730553,7.366136003648891
10.25,67.89008958427205,5.892876094629051
10.3,64.55921226943119,6.283098821355702
10.35,68.33039051346532,5.019878936548
10.4,67.47794549176494,2.739392017715217
10.450000000000001,66.46370150303149,7.25532761703119
10.5,68.31489697584232,6.6244652721742145
10.55,68.09247048905044,5.918731085296727
10.6,66.77414406289762,3.897274678168576
10.65,67.36093482617423,6.246064753988833
10.700000000000001,66.37437538459531,5.161761622712417
10.75,64.95753460474646,5.2060033276527715
10.8,64.99673657092353,7.529850797107452
10.85,67.82009592520242,7.514473258773031
10.9,68.2813225300002,6.747036997495773
10.950000000000001,67.93481885517988,5.7390347141358315
11,65.00173997400856,6.32314031674288
11.05,66.52503082456441,5.719879322073166
11.1,65.93686368172354,4.872437187492389
11.15,67.03864000900649,5.5663620685045405
11.200000000000001,65.06039709171452,6.5142183236106685
11.25,68.08248083930744,6.464673691454154
11.3,68.64812360503834,6.436426428699559
11.35,67.29673705302429,9.706894009431092
11.4,65.03985593237559,3.0710940036785983
11.450000000000001,67.78033988793642,3.7084398926361875
11.5,66.02425193012898,7.076331143170285
11.55,68.71886330509983,6.183986600873276
11.6,66.41287863881266,6.591671857020879
11.65,64.1801331770886,4.903596416484753
11.700000000000001,67.27969395520387,3.456867438776721
11.75,67.39392720023538,6.433086877767558
11.8,67.13647794221899,6.883301974617283
11.85,64.87758524319169,3.479343273896365
11.9,62.682869775261686,7.951446065819043
11.950000000000001,65.447180315449,8.241114670256344
12,65.71635495635354,5.823145677911065
12.05,67.54359615236758,7.845606532057127
12.1,65.53508367077491,6.035232600031266
12.15,63.898555123732145,6.330710724926161
12.200000000000001,66.00258800293761,7.106050818299393
12.25,67.37713414171238,6.075846642290156
12.3,66.87595852191635,7.412898032292664
12.35,68.55329271180481,5.41553187876677
12.4,67.70729303797529,4.228969598278031
12.450000000000001,68.0618892071996,6.4054632894732135
12.5,66.40700114876296,9.27198183047753
12.55,66.9218421582057,6.808605056092526
12.6,68.5336883251717,6.5040648648336585
12.65,67.27601416272273,2.817256760378105
12.700000000000001,68.43242992291316,5.348454224125325
12.75,67.41660517837353,7.621880172670154
12.8,64.24079982265691,5.637352626592074
12.85,66.5815083371335,5.9727408745277835
12.9,64.72650000371422,6.058233298536866
12.950000000000001,67.60703868502263,5.334814908833998
13,64.45743623012496,3.2547198781399103
13.05,65.32734968957683,7.653547901774367
13.1,67.07662338889747,5.126761166000265
13.15,67.59456364944633,3.926790657953471
13.200000000000001,65.53152442563952,5.165873932148945
13.25,65.57831590935872,6.214319150147932
13.3,65.6255513482135,6.021907371109487
13.35,66.30805719802677,6.1332185865761355
13.4,67.31855625349412,7.3400035995489965
13.450000000000001,66.64431654282964,5.107417197780493
13.5,66.36691072566956,6.094863968357748
13.55,65.95028811710303,4.304941035078753
13.6,67.65094702474863,6.506897899043213
13.65,67.82076113535524,8.243175813383157
13.700000000000001,68.41699215448008,7.907996645101687
13.75,64.91831984824779,7.514729262479091
13.8,66.62569147103922,7.411264210429977
13.85,66.08141711801238,7.550066689041536
13.9,65.67051170061579,8.273130401321259
13.950000000000001,65.65453680622495,4.472341608513242
14,66.32291466729762,10.758614926190521
14.05,68.25243337699952,6.659118629081976
14.1,66.636054810226085,10.156272783760143
14.15,68.99077927543763,9.434687893374514
14.200000000000001,64.7142135079469,7.734881569531635
14.25,64.00120183966213,5.127605720338779
14.3,68.77947639511181,7.017888210883208
14.35,67.93440241963799,6.059753673544542
14.4,65.41863015885811,6.069479449543954
14.450000000000001,67.30334037871465,10.439938040132533
14.5,66.24752030410046,6.776670003954874
14.55,64.52809358306631,6.250189295603409
14.6,66.8473846479475,6.339544975204472
14.65,69.61414566272275,3.382149624067694
14.700000000000001,67.14431307064717,4.941539763584859
14.75,65.86114051444672,3.810087586669394
14.8,65.96089964320359,7.2159736390297144
14.85,66.5608920384665,6.2556647927403475
14.9,67.44864022546466,4.499901165561257
14.950000000000001,66.50713291884341,8.510254086474164
15,63.30358768397014,7.6656342323995945
15.05,62.20889977268918,6.916054831322783
15.1,66.9492560770393,7.156609518666958
15.15,65.43362451888085,4.496828380305576
15.200000000000001,65.13505321002778,5.640232670311734
15.25,66.29502288772784,6.865834142409781
15.3,67.37342091780937,4.5493451850376765
15.35,70.25367076303147,10.263232055689382
15.4,65.67866066507881,8.184743940390852
15.450000000000001,69.31546763948322,7.885412925748399
15.5,67.34266322287027,6.277655763353218
15.55,68.01190309071403,4.070658202705314
15.6,67.18982560056762,7.870236087236835
15.65,66.54131799284878,8.336877262287741
15.700000000000001,66.30768331958288,6.673255492642883
15.75,67.99300654096253,5.452149722311585
15.8,64.01965959102712,7.096105195852534
15.85,68.89643042526933,6.906698108792149
15.9,66.73651420217308,5.012568719463083
15.950000000000001,65.89874330491821,5.281701904988611
16,67.64186000339681,6.526056044194831
16.05,67.07133610074014,7.685231000683554
16.1,66.91802901436559,9.587193100962866
16.150000000000002,63.03184536416739,4.5242748845844405
16.200000000000003,67.10136255272481,5.338080252831539
16.250000000000004,68.27898760868423,8.225611139086668
16.3,64.9934205110258,6.358362933220591
16.35,68.08600950953924,7.1467082193520755
16.400000000000002,67.05730771581999,4.876785846865294
16.450000000000003,66.38937541477641,5.697230272842955
16.500000000000004,65.7947149519235,6.684048701367224
16.55,70.21314033123723,4.7889367150795366
16.6,66.12006997031918,8.01628714280116
16.650000000000002,66.01706323663565,4.293330334788651
16.700000000000003,65.1636074381268,7.45679357512455
16.750000000000004,66.62348505905767,6.44426022009574
16.8,68.19147660387434,4.224115817056779
16.85,67.01958177434886,8.755617999708265
16.900000000000002,64.76378607868836,6.4628153641091854
16.950000000000003,63.55756095966314,5.606493541220963
17.000000000000004,66.27318664910052,7.0640188929237695
17.05,67.44716784707606,5.908916974952146
17.1,68.1808832357164,5.773223427698682
17.150000000000002,66.39925605283402,5.171217477160264
17.200000000000003,67.31663038156742,7.066851858172064
17.250000000000004,68.11104716210559,4.591656475139711
17.3,67.27059533117887,6.417239352520366
17.35,67.39589728145472,5.931413389899927
17.400000000000002,66.17136388543443,5.683897804432505
17.450000000000003,64.95379979059537,7.212853712033844
17.500000000000004,68.05672351960561,6.827812690240347
17.55,67.74916370410355,5.8188317709973365
17.6,67.60150028795377,6.984343208493785
17.650000000000002,65.75618004130764,3.717435445627168
17.700000000000003,65.87317119399417,4.752554244893339
17.750000000000004,66.05869691797913,6.32409685022609
17.8,67.11719022083366,8.47512831729525
17.85,69.16208606560038,4.454807878351897
17.900000000000002,66.37128214373737,3.7816529366235834
17.950000000000003,63.36288216986737,6.326001742063762
18.000000000000004,67.16660295899165,6.212733419114583
18.05,67.58924015189908,4.068515518039292
18.1,63.97151070404421,6.1965821017012415
18.150000000000002,66.58361894218577,5.777564252239462
18.200000000000003,67.38574513253077,6.4567862830686265
18.250000000000004,66.85058962457829,4.590603679450633
18.3,63.38588981179536,5.321744019060105
18.35,68.27072882765279,5.1794560139974655
18.400000000000002,66.60019229090594,7.915542344760171
18.450000000000003,64.36035387301091,5.425009186857013
18.500000000000004,66.6057570556194,5.6414824430246
18.55,66.34873348519024,3.438926200175215
18.6,64.04337434101498,6.261686216056897
18.650000000000002,69.64924078964323,5.261106115045119
18.700000000000003,66.31244395130173,7.521759249670165
18.750000000000004,68.32053956068685,7.688806432986633
18.8,65.20315523136878,5.624403844088898
18.85,64.8179997706238,3.9501590843241448
18.900000000000002,65.99582791923628,5.664425053754604
18.950000000000003,66.80053311798073,6.1917644824254765
19.000000000000004,66.29153591198413,4.797923999942981
19.05,63.65856401241727,5.192443129914461
19.1,65.12380408828302,6.897533381711948
19.150000000000002,67.7071347654595,8.361925543744194
19.200000000000003,65.72191686823024,4.294679652537491
19.250000000000004,65.9377242248984,5.367353804600217
19.300000000000004,63.820488624041474,2.8180122758551587
19.35,65.8965539949705,7.380277651939244
19.400000000000002,64.57857596000635,7.142765453571338
19.450000000000003,68.22025386564997,7.569751943595041
19.500000000000004,65.28201161419531,6.229226237673091
19.550000000000004,66.83290596643903,5.388521272428286
19.6,67.69763001439586,3.1472374307574706
19.650000000000002,66.4226996019028,7.1496743620166745
19.700000000000003,65.6693412982854,8.02347923098724
19.750000000000004,68.84508277928889,7.153509116775943
19.800000000000004,66.22496103014406,5.244212818213288
19.85,66.12784774377602,5.051276300305631
19.900000000000002,65.08794736486131,6.043573758960105
19.950000000000003,65.75821245242999,6.098466577576579
20.000000000000004,68.50302047379182,6.828802658846016
20.050000000000004,65.42868283224233,8.062096090631062
20.1,66.62082931569279,7.867748185970321
20.150000000000002,68.16245147972657,6.72457129991775
20.200000000000003,67.60147355272638,4.555294390925474
20.250000000000004,66.8109194284421,4.918376535051757
20.300000000000004,68.12224015460507,4.431589778224963
20.35,64.58516657807769,7.773832711431904
20.400000000000002,67.1372841306899,3.734008804831961
20.450000000000003,65.2101338313258,4.697576755455347
20.500000000000004,64.97350328502078,6.492331417602541
20.550000000000004,67.46098677647487,7.4844189596194965
20.6,68.07117854327971,6.76546306083611
20.650000000000002,67.23250803251948,7.233468770741347
20.700000000000003,66.38498111640212,5.6972598196868045
20.750000000000004,68.47243368887443,5.142859556929787
20.800000000000004,66.40963675335175,3.6191520059091693
20.85,67.15962104248675,6.116520713778587
20.900000000000002,67.5926370545958,8.192054867213333
20.950000000000003,65.86044716920972,6.4732096751683414
21.000000000000004,68.66822723327164,8.303120164930444
21.050000000000004,65.93660808271765,6.856349346860222
21.1,67.2674120528555,6.520079793415461
21.150000000000002,67.88155810575219,4.937213928241819
21.200000000000003,66.96941235584565,6.456117139874486
21.250000000000004,64.28997565112898,4.718605230848149
21.300000000000004,67.86443022559953,7.853879902855127
21.35,62.349296064095185,4.686193541137763
21.400000000000002,66.64225955389061,5.287911942736959
21.450000000000003,66.9767082904536,8.051038706581256
21.500000000000004,64.32080612152492,5.194652412431655
21.550000000000004,66.73653575173017,7.875131460525208
21.6,66.51430875231522,5.937144756931867
21.650000000000002,66.77982264837081,5.63410133325912
21.700000000000003,65.33852614992918,5.652473601733561
21.750000000000004,65.04578753373045,7.516113344949309
21.800000000000004,65.51712260137187,3.944704408658286
21.85,65.44634487815374,3.961395908320141
21.900000000000002,65.21140249793797,6.9877121363394945
21.950000000000003,65.16765919413099,8.074116035513574
22.000000000000004,65.27679568763122,9.320268942554343
22.050000000000004,66.28910673882287,7.435213872610906
22.1,65.58971521427917,7.443723959826124
22.150000000000002,66.62211273349719,7.880548162019288
22.200000000000003,66.79861426841823,5.138670956073373
22.250000000000004,64.6772567399123,5.939932868335295
22.300000000000004,67.81023805981035,6.398011279364921
22.35,65.89354005252274,6.115457286352347
22.400000000000002,68.30798086661459,8.454317201812415
22.450000000000003,64.15991550331417,8.037266196710824
22.500000000000004,66.98031237429257,8.415506251491353
22.550000000000004,67.96758993795497,8.00602791879251
22.6,66.36208989900017,7.859090164972326
22.650000000000002,65.1592517308681,3.9474856298998056
22.700000000000003,67.72191997014986,7.111409473149343
22.750000000000004,66.55711450812572,3.4648325527616564
22.800000000000004,66.17341723818706,6.313290375852109
22.85,69.51568668534475,6.91392181916376
22.900000000000002,63.75645106372523,5.086270461525795
22.950000000000003,65.8454739292263,8.36327680710558
23.000000000000004,66.06096189018038,6.682340506648382
23.050000000000004,67.01887106036841,5.662433516624435
23.1,66.7283518796336,7.024765499747009
23.150000000000002,70.4795888998961,6.870322518198685
23.200000000000003,66.67673610039523,8.042671839912305
23.250000000000004,69.25001721172282,7.64429176307585
23.300000000000004,67.54399573002891,8.539086742045823
23.35,68.2422781552521,5.722391925809677
23.400000000000002,67.88601764213256,4.820578847567911
23.450000000000003,65.92025256158679,8.53239209532046
23.500000000000004,69.02668642255112,5.597357505129662
23.550000000000004,67.82470809507696,6.859793033295731
23.6,66.51089331014954,7.368373691529917
23.650000000000002,67.51431576862393,3.977069817305109
23.700000000000003,68.67469295483953,6.967704599709266
23.750000000000004,66.82023941956024,4.959065513869267
23.800000000000004,65.57767976875277,4.897653184423934
23.85,65.12859057412867,10.066676612948246
23.900000000000002,68.54868769937937,3.7916388205699163
23.950000000000003,66.7489649212372,4.798326296029445
24.000000000000004,67.4742770803121,3.745312888656523
24.050000000000004,64.41926469466195,7.9144528263401615
24.1,66.85950287453072,4.886654119801144
24.150000000000002,65.96546094715538,5.960125648401935
24.200000000000003,65.96032785196124,6.9644221504368735
24.250000000000004,65.65765653352484,7.973721304079184
24.300000000000004,67.69811182595056,8.690497249075609
24.35,66.39667061266131,4.036504837373003
24.400000000000002,67.24461358755585,6.304316995264935
24.450000000000003,68.05618751344038,8.59695175080391
24.500000000000004,68.47317403125635,7.8319240765540705
24.550000000000004,67.73682338912104,6.990884738427456
24.6,66.43057882107918,6.8563634171323
24.650000000000002,66.81565100429,9.488156597232482
24.700000000000003,66.62931902300025,8.015457015249863
24.750000000000004,63.73949179975989,5.32156452035313
24.800000000000004,66.13084321940171,6.012514640772269
24.85,65.42972575307465,4.522967495681879
24.900000000000002,66.08545728409122,5.82871668520687
24.950000000000003,64.24868927064573,5.694364006640413
25.000000000000004,62.48655817403487,4.2725653303699955
25.050000000000004,65.00868749214656,7.390625526992236
25.1,68.82580911209936,7.431744438292272
25.150000000000002,66.59114942902096,8.879763891375669
25.200000000000003,67.03180926623658,7.659921391548077
25.250000000000004,64.60991808290244,6.814597642906613
25.300000000000004,65.23383369208149,9.158965838889367
25.35,64.55149108037267,4.7698454459499
25.400000000000002,66.33571510382288,7.048488368583734
25.450000000000003,67.85522786842549,5.533572439677921
25.500000000000004,67.33257801509953,3.553514704349211
25.550000000000004,68.58908049917042,3.553820657277737
25.6,65.8520320242389,5.897600260258436
25.650000000000002,65.58742729117473,6.9085988547846755
25.700000000000003,63.23737587704606,6.736552917260282
25.750000000000004,67.1379411143841,5.998007048045704
25.800000000000004,66.00291345698658,6.378177500461198
25.85,65.23589605422325,6.139269118661608
25.900000000000002,68.67815156197724,4.8872008797451105
25.950000000000003,66.33945492609614,5.000898072214328
26.000000000000004,65.48651728455191,6.681766376693625
26.050000000000004,68.52735367784909,8.680647311817008
26.1,67.52492964297336,6.292185065538649
26.150000000000002,67.9730662765556,9.576044068563515
26.200000000000003,67.933116328345,4.7807588151844325
26.250000000000004,66.66981842897687,6.7113268753582584
26.300000000000004,68.61590621247363,6.472739147936922
26.35,68.08673421855227,5.8369217888250295
26.400000000000002,66.30300539901764,7.474268287233451
26.450000000000003,67.5025651582092,4.293117961909543
26.500000000000004,68.04704751195736,5.9732789264278745
26.550000000000004,66.27343582282263,6.231718122819727
26.6,66.16932352816937,7.4875087917939505
26.650000000000002,65.44101029029677,4.9976488684709635
26.700000000000003,67.18810244502832,1.9417607563308685
26.750000000000004,70.40108902673605,7.804928634803388
26.800000000000004,66.21489310324884,7.657767788779765
26.85,68.53853595400884,7.77734320473345
26.900000000000002,65.68357038636253,5.882452468106332
26.950000000000003,63.24146995285516,2.3956816870936586
27.000000000000004,66.42692175145858,6.683131905638364
27.050000000000004,66.89847214837434,8.490406240842038
27.1,68.65678982014799,5.454021529818208
27.150000000000002,67.98770557723496,5.071679011658667
27.200000000000003,65.44811091927356,6.139408923345714
27.250000000000004,66.3142049036022,6.42710860863715
27.300000000000004,65.53755716361336,5.777032032147761
27.35,65.15764085534106,7.304641391383897
27.400000000000002,65.16233909995182,8.057382727850065
27.450000000000003,64.75203556162032,5.02712676078738
27.500000000000004,64.9052845440117,6.594134223050078
27.550000000000004,70.09527692272825,6.285276628470434
27.6,67.5016756674711,4.48679476488565
27.650000000000002,65.31928529929206,8.30442252387607
27.700000000000003,66.5918850568082,6.813080588634511
27.750000000000004,66.48072211132957,7.896049826925842
27.800000000000004,67.52243030421597,5.381517490513854
27.85,65.3127023690243,5.877492174435675
27.900000000000002,63.46569833219041,5.8381708489154835
27.950000000000003,67.8824253421922,7.079830501485377
28.000000000000004,67.80257531407959,6.553968628255133
28.050000000000004,66.09137727628205,8.24943843819309
28.1,69.26433649999221,5.711381241363012
28.150000000000002,65.97484738048567,5.887855926984189
28.200000000000003,67.31239291230763,5.011397730307252
28.250000000000004,63.38754734570389,5.745269535528155
28.300000000000004,69.83015308804649,5.598348359545345
28.35,66.54577021355847,8.911116298070237
28.400000000000002,64.5588928320213,4.523038418887843
28.450000000000003,67.42454022127934,7.751626984533415
28.500000000000004,66.95619527919622,7.956921713571975
28.550000000000004,69.2116368669418,4.895383809611586
28.6,67.11980890347144,5.092014260750632
28.650000000000002,67.84423647263748,5.644268975836976
28.700000000000003,66.66344626098468,7.139045779483581
28.750000000000004,69.69120444132737,5.570757673694179
28.800000000000004,65.86291381323707,4.552548019406681
28.85,65.99739640840873,7.919804482002581
28.900000000000002,66.12709269423964,6.361854160607239
28.950000000000003,68.10285936423271,4.4337074310836115
29.000000000000004,68.29686132793722,7.453692359510567
29.050000000000004,66.12988102901788,5.9389929764572456
29.1,67.14750886888156,6.414421935580716
29.150000000000002,69.55310508296247,5.4764204863018255
29.200000000000003,69.58183023437662,7.502348297373401
29.250000000000004,70.56063226221673,5.1009468485154645
29.300000000000004,66.70785819122102,5.882294749389248
29.35,68.98366234995873,7.794947228414019
29.400000000000002,66.28759221811578,8.412559711419087
29.450000000000003,65.72916684021119,5.158205605196974
29.500000000000004,67.70273448638719,6.702706125493218
29.550000000000004,66.8278655465221,4.1885778338016895
29.6,65.50553648363997,5.430081066224643
29.650000000000002,66.84044832012175,7.357532779806731
29.700000000000003,64.94585462614907,4.289250752790606
29.750000000000004,66.7615201890563,6.291011048441366
29.800000000000004,67.02760364955414,6.379864056162619
29.85,68.88725635659624,7.134633860797312
29.900000000000002,68.15683395374367,4.9354121699531674
29.950000000000003,67.09855275936087,5.350206748139678
30.000000000000004,69.23744865385657,7.779281038576974
30.050000000000004,65.9698767001785,5.520290511981561
30.1,66.51192284481894,6.478850277028365
30.150000000000002,65.44180424540163,7.745507965892679
30.200000000000003,67.23356140581473,5.3645291300512055
30.250000000000004,65.09314216311692,6.374834076736868
30.300000000000004,67.29325641515436,6.055729202721848
30.35,66.05831551082134,4.260328651007166
30.400000000000002,66.86908539037393,5.60230649007619
30.450000000000003,63.31989600387808,8.717724009405636
30.500000000000004,68.63881625558855,8.24717075620079
30.550000000000004,65.5312018804196,6.194511512292249
30.6,65.77915876145728,3.672641779094014
30.650000000000002,65.20775861493678,7.387510016830155
30.700000000000003,67.37310278049351,4.559072660837418
30.750000000000004,66.71254653873228,5.7306682510120766
30.800000000000004,65.36000617605642,4.730377738609544
30.85,66.31151502058688,6.067512417651754
30.900000000000002,66.15188811915802,6.1455935258488035
30.950000000000003,68.21331180952875,5.001406063646824
31.000000000000004,68.33983264671087,6.93494479540677
31.050000000000004,67.94230056880511,4.638461106718674
31.1,67.21206525440252,6.860103547198292
31.150000000000002,66.06560338042347,4.976175136435007
31.200000000000003,63.62651055729342,6.679574941649687
31.250000000000004,66.2836845555419,6.561421652187529
31.300000000000004,66.64618393928842,3.835497844870359
31.35,67.75353248590893,5.808061819536608
31.400000000000002,66.19196356717295,4.644604121758256
31.450000000000003,65.19121911204377,5.098497814539935
31.500000000000004,66.54850184450514,6.840768164558132
31.550000000000004,66.60323804287522,5.036017783320652
31.6,66.33592351180998,7.0166030252426115
31.650000000000002,68.69697755857757,5.550202445474549
31.700000000000003,65.0217998583385,7.420922773560282
31.750000000000004,65.37426004847364,7.41018663675269
31.800000000000004,67.21871866842105,8.34157708914897
31.85,66.89783919033658,11.537721704832268
31.900000000000002,64.22774849426153,6.546814689061527
31.950000000000003,64.16926435898537,7.162120640761888
32,66.45881671766801,7.683470052001759
32.050000000000004,63.16088137351986,8.357829327295178
32.1,67.38698378099252,7.8278917888111526
32.150000000000006,66.94125162893145,4.243097308299359
32.2,67.80343418921015,6.320740438938158
32.25,67.25586000887752,7.638887407631102
32.300000000000004,65.068679697077215,8.202860142786298
32.35,67.05861163543771,5.733062331430199
32.400000000000006,68.55713965815877,6.36535893282737
32.45,64.95231022344439,3.194468087547965
32.5,66.33180877885091,4.708124913224104
32.550000000000004,64.23629974967609,9.05967199514448
32.6,66.657364329311,4.672311488258435
32.650000000000006,67.6150932015293,7.882203783571571
32.7,64.85623447253207,5.3853600507636195
32.75,67.07792656790514,6.05602948395233
32.800000000000004,65.73885161502176,6.097921852135513
32.85,65.53268018320524,5.2903693741069535
32.900000000000006,66.52607349502625,4.266193732880734
32.95,68.9813072366405,7.753625484342697
33,65.39383454441739,4.76413257346363
33.050000000000004,67.52727590798263,5.921619351458338
33.1,66.88995437164075,5.914606389683885
33.150000000000006,68.6606683438842,7.760255058052032
33.2,65.30785034920856,5.462553387692438
33.25,68.33618949525886,7.000714032454229
33.300000000000004,66.59461757039806,6.276292982470633
33.35,67.10547881767798,5.8135475018440275
33.400000000000006,67.15622554871975,7.127432120664303
33.45,64.7942015502297,3.888465065827347
33.5,66.3331986463924,6.195999603939784
33.550000000000004,65.41127964471163,5.7164823972723635
33.6,67.08242560678518,6.756669419622016
33.650000000000006,68.04424496294288,4.633867626982284
33.7,66.50999470431596,6.842637303883023
33.75,63.1537986369731,4.9090810946847965
33.800000000000004,64.26973367646292,5.949103719566817
33.85,67.55135767207493,6.899255018247308
33.900000000000006,64.81662378484941,6.616604079298795
33.95,68.01735164421056,5.007927608540008
34,69.71607076209014,2.4393331060313317
34.050000000000004,66.91191715067212,7.739962126019982
34.1,66.57556311292754,6.822473125008672
34.150000000000006,65.1554799979363,6.964711047888524
34.2,66.59340861631533,7.187159768817386
34.25,65.60665596325423,9.022268294348528
34.300000000000004,65.05392566459145,6.529866544204164
34.35,65.79395078825138,6.5716031315757535
34.400000000000006,68.52941912255469,6.423745788489499
34.45,67.50175459250451,5.510465174263426
34.5,64.96350160649453,6.093011107204635
34.550000000000004,67.2851560320858,5.747481569060645
34.6,66.09924359286843,5.511200756744892
34.650000000000006,64.72827443900495,7.238404252503526
34.7,67.43154553597003,6.408929195569628
34.75,66.92174591465326,4.845410262449573
34.800000000000004,65.9203988939074,6.058094680452739
34.85,64.49429739349743,4.024686836155446
34.900000000000006,65.72589737292269,5.079805027581968
34.95,67.78077402662703,6.866480135387699
35,67.96305256979173,7.420370954050376
35.050000000000004,69.41149827029336,7.314481237163539
35.1,69.29542152493507,6.855639437516371
35.150000000000006,65.4579659208996,7.101488040251868
35.2,68.73386694104971,9.027678446286451
35.25,66.69779140511562,5.202381429835018
35.300000000000004,65.59600482659692,6.799825777803922
35.35,66.48524204498113,9.003861094334148
35.400000000000006,66.19281024219477,3.9254659361236564
35.45,63.18794628084906,6.335030468777647
35.5,66.88853495684637,6.320870888953153
35.550000000000004,67.88457655680719,5.553870643991185
35.6,65.71624872531626,4.049993177817047
35.650000000000006,66.29064423157386,6.743274371327262
35.7,66.96603181080407,6.262099152571747
35.75,66.44598998687665,4.153362726341793
35.800000000000004,69.06683347382719,4.693184665291312
35.85,65.1521688797551,6.4795384564814436
35.900000000000006,67.36154659149446,7.678469053721141
35.95,66.4192753426375,5.459316827602353
36,65.42867007032817,6.898777183777741
36.050000000000004,63.723202451265806,4.505182762900881
36.1,66.21339910541467,5.664121214613356
36.150000000000006,68.01582110369277,6.609788718586742
36.2,68.61685357117263,6.391304460161797
36.25,65.56700611313603,3.6528808515042934
36.300000000000004,67.42575609948014,6.357065531800349
36.35,68.0917781802413,9.115535068870024
36.400000000000006,67.58621774312722,5.040859406259992
36.45,65.01857103940088,8.735287750022527
36.5,69.10164697441037,7.033954861673195
36.550000000000004,64.96070121521,9.29609363411176
36.6,67.61109264286769,6.202412842040547
36.650000000000006,69.6605937941663,8.135127564178227
36.7,67.74415914410517,8.216081020418379
36.75,64.4872080449475,6.507463588288507
36.800000000000004,67.27553173574387,8.893250600281139
36.85,65.17907220337628,5.471944182010206
36.900000000000006,66.24686801588345,4.158230223347194
36.95,65.88466667477593,7.627068304881219
37,68.24645668717383,8.870870634357047
37.050000000000004,65.82150370666344,5.862257076709775
37.1,67.77748482600258,8.411942558973372
37.150000000000006,66.52811381135368,6.3040111184618635
37.2,64.62912625088995,7.382128121358411
37.25,65.65978756219495,6.987871206228995
37.300000000000004,67.22215432466996,7.277456553953699
37.35,65.55509799396093,6.636878994330982
37.400000000000006,67.36630199431002,6.064488105003902
37.45,66.17007505204016,7.101298180093222
37.5,70.4995309286834,3.658659673087213
37.550000000000004,64.99489211666267,7.841632132727835
37.6,66.06807483171121,8.996167416288056
37.650000000000006,65.72922052869005,4.8166077236175795
37.7,67.77289157380447,6.725002342158568
37.75,68.35433032808696,3.8424021826485584
37.800000000000004,68.1065222351489,4.641633738811629
37.85,64.90275629075107,4.867136230179103
37.900000000000006,69.16365524367235,5.163925845084131
37.95,65.51099479409642,6.179262976943568
38,69.07304366131766,7.340093766454889
38.050000000000004,66.88504395084452,5.388048321246217
38.1,66.0774513708967,7.221266431249229
38.150000000000006,68.91782731646276,5.608495681082166
38.2,68.09914908232426,5.170414803021248
38.25,68.5264016829037,5.923075032216409
38.300000000000004,68.18181107675629,5.430271985746168
38.35,68.21763761692458,4.8302915101594746
38.400000000000006,67.14678101957287,4.934072394182292
38.45,66.47961062161075,4.800851118758285
38.50000000000001,66.80125776193715,4.258320827766158
38.550000000000004,64.93796009074309,6.09865401378598
38.6,67.57221064920662,8.251884094438935
38.650000000000006,64.56797934427826,4.825548925158753
38.7,66.83289531247233,5.969574379652548
38.75000000000001,66.88936688316267,8.649089840799238
38.800000000000004,68.475240478374,5.733464847118657
38.85,63.95675916382073,7.575062022930692
38.900000000000006,68.37556925131,7.364682909307135
38.95,67.60766540366134,3.3046289814845977
39.00000000000001,66.24051027898231,5.262759034529795
39.050000000000004,66.70056689183002,5.172876191976014
39.1,64.55491295873225,6.894440062310607
39.150000000000006,63.87622913162747,8.135115788209118
39.2,64.66437187487472,7.5550270377011355
39.25000000000001,66.77191028603639,6.7906020582517685
39.300000000000004,67.36849480577561,3.554824216916887
39.35,67.0394235546822,7.118121132495212
39.400000000000006,65.63640227547953,4.635675188740383
39.45,65.49821701350938,4.539980509361821
39.50000000000001,64.79531352109166,5.077358992205834
39.550000000000004,66.6128911569086,5.1763688547654505
39.6,65.0393365077545,8.029099193277315
39.650000000000006,67.70114827778664,5.3069449002185225
39.7,67.84262315988532,9.27137636452407
39.75000000000001,66.57455331985088,7.504233190868347
39.800000000000004,67.02237190256966,5.561325661313632
39.85,68.06457290906354,4.774756660918283
39.900000000000006,68.90192292953517,6.566840884232351
39.95,66.83069611274932,5.966251177346575
40.00000000000001,66.04668873604116,10.630073260251809
40.050000000000004,68.11976025643888,4.434192192332464
40.1,67.59465956865473,7.744790195537098
40.150000000000006,67.83803783356865,5.525997389996959
40.2,68.91157994150576,9.972908609879966
40.25000000000001,65.59789354573708,6.708497280617232
40.300000000000004,66.03184656959166,6.211305316681666
40.35,65.53566048010657,6.525114225872544
40.400000000000006,66.88064749435858,8.009118151791286
40.45,62.88874868849703,5.964173922104303
40.50000000000001,68.61626218774533,7.850124156316616
40.550000000000004,68.21628734827033,8.819318656728793
40.6,66.62804664006312,6.507812508995308
40.650000000000006,63.61004453855739,7.368565253608326
40.7,66.41735507615077,5.316171708511922
40.75000000000001,67.66643322326928,3.527463467903305
40.800000000000004,69.42051434511836,6.398450453213603
40.85,69.42851397751495,5.617454682129574
40.900000000000006,66.65845290516002,7.570783268157373
40.95,65.32262684598258,7.510812946849728
41.00000000000001,68.86134130573438,5.209944846747206
41.050000000000004,68.70896415559484,4.281644861436609
41.1,68.64754744258605,6.944223272369692
41.150000000000006,68.12141398728704,5.096324130947655
41.2,62.766785654212754,6.235574837682217
41.25000000000001,66.76486932014804,6.156998226729369
41.300000000000004,65.91111248555747,4.957071684063896
41.35,67.2115835865171,4.982598067457792
41.400000000000006,67.47983976044443,7.444901212576514
41.45,67.24922617789957,8.12954736250294
41.50000000000001,66.20216680556202,4.233523664521333
41.550000000000004,66.47976546688253,5.287929557111334
41.6,66.19643648093263,5.74814287029147
41.650000000000006,66.24376417222422,6.982311411409419
41.7,67.20739389407935,9.16236281377545
41.75000000000001,65.57577945269806,5.306113527495435
41.800000000000004,64.73961555210263,6.531467082093499
41.85,66.11458695167372,4.945892820015703
41.900000000000006,65.37716684912183,8.18180655578987
41.95,67.3822133069261,6.23353191968018
42.00000000000001,65.78772565882481,7.215971811125311
42.050000000000004,67.72685848478906,5.357900105902702
42.1,65.6183858203301,9.380743055668423
42.150000000000006,66.88893295705095,7.509277326257136
42.2,65.83670872021847,6.567340457463585
42.25000000000001,64.90630408586065,8.432927797051454
42.300000000000004,66.99210020567745,7.417659936269141
42.35,66.94486688201133,5.289779809195075
42.400000000000006,69.00399001057012,5.742084978989579
42.45,67.21123277724789,4.148427426760514
42.50000000000001,68.38549887794362,6.566903749506829
42.550000000000004,67.94352951724593,5.749040518104116
42.6,66.28237089397179,7.126498849012549
42.650000000000006,64.33495069141595,5.979546925012697
42.7,66.40249814739292,6.45114357963058
42.75000000000001,65.77742596950986,7.339307260805272
42.800000000000004,67.37006630695316,6.156091072821384
42.85,66.3679530793678,6.083053688305135
42.900000000000006,69.77333127123323,3.440956959192551
42.95,64.5105238875323,4.898154485138809
43.00000000000001,67.56493226963367,6.228697479722007
43.050000000000004,67.70195633937809,8.096613883982691
43.1,68.35441146664486,5.211070033385768
43.150000000000006,64.64192387543622,7.32639467080687
43.2,68.20398552015176,6.82313677868629
43.25000000000001,67.26580589836749,3.0153685080146833
43.300000000000004,66.99357367177652,6.363804084172442
43.35,66.1480029772411,5.802891308877772
43.400000000000006,63.882555445559795,6.120314861287941
43.45,65.21472236518406,8.276970291204716
43.50000000000001,64.51608862084078,3.4751042127256797
43.550000000000004,67.72220446768874,7.3755376259399075
43.6,66.6244695084258,3.8789222136250006
43.650000000000006,67.10153181088042,6.98512282027525
43.7,64.5637094274885,7.691908211748402
43.75000000000001,67.00291890256716,6.9152345291454465
43.800000000000004,67.88200410551534,5.927051761138936
43.85,64.56417540154305,9.456276572596773
43.900000000000006,66.3659215155811,5.9052384553042
43.95,64.85860178517959,4.7481134835121726
44.00000000000001,67.31405765728465,9.14091892300143
44.050000000000004,67.6098971890525,7.209975961704959
44.1,67.74417147899749,3.721919842420685
44.150000000000006,67.91489010155632,5.806277811533309
44.2,65.3198398185656,4.77745448102884
44.25000000000001,67.937931361876025,8.10361099327981
44.300000000000004,67.4463563817689,5.379227273084637
44.35,66.45981434224643,7.21671048865243
44.400000000000006,65.80857749512244,6.101120402469363
44.45,67.95986819795795,6.0758739400723485
44.50000000000001,67.2548423199614,6.885407020037902
44.550000000000004,67.33816501326318,5.690658550908179
44.6,64.33495180201288,5.795769233562234
44.650000000000006,68.12936674346031,6.198192898395288
44.7,69.00432432790565,4.694788959750586
44.75000000000001,65.01444306600047,2.7202608454185557
44.800000000000004,67.99314813735737,4.643129197449097
44.85,64.95494707730025,8.674561536525726
44.900000000000006,67.65499261419033,8.083062943855543
44.95,65.93052245397452,7.958344924539169
45.00000000000001,67.94939659724139,5.832955520880806
45.050000000000004,65.5219539524746,6.490953820088534
45.1,68.81451778456085,4.140307284582066
45.150000000000006,67.83035215250632,6.943578938980566
45.2,65.41838139619797,3.6781593343756644
45.25000000000001,67.63429425528965,5.164195029752807
45.300000000000004,64.07785899588927,5.984590916110499
45.35,65.98039536887184,6.933758563051477
45.400000000000006,66.22736160341772,6.104207486846838
45.45,66.29959993896581,5.770814996842503
45.50000000000001,65.99093544340819,6.117091591629366
45.550000000000004,67.4189093290478,3.5463613100220104
45.6,66.52124761059792,4.127870575451507
45.650000000000006,66.76739506083047,5.045047786336436
45.7,66.6555065134021,5.112903233939603
45.75000000000001,66.33519563412597,5.80826002867176
45.800000000000004,63.53946537885505,7.040451464872163
45.85,67.52132047199815,6.074818788919227
45.900000000000006,64.87487369669486,4.7334506056419885
45.95,66.31387488935881,6.643168756078264
46.00000000000001,66.90878189889322,7.277658452661269
46.050000000000004,65.53950472774748,4.437699200756601
46.1,66.61678343854268,6.256913212931474
46.150000000000006,65.96366376442869,8.520781848380658
46.2,68.17906603994128,4.522004783741986
46.25000000000001,67.92033594610916,6.913418436785579
46.300000000000004,61.84751199830768,5.067669404702116
46.35,67.31876362400939,4.542858903874192
46.400000000000006,68.43022053349944,6.36729642424775
46.45,69.16759480595044,8.909995010762813
46.50000000000001,65.58219480289458,5.832816119792527
46.550000000000004,63.65690636880071,3.5068320280846743
46.6,67.84991842690214,4.753753975678688
46.650000000000006,67.43030818896256,5.064052873905272
46.7,68.64273769901482,5.615493758596038
46.75000000000001,66.38478158766183,5.37414302210388
46.800000000000004,67.54729202609705,5.563658599162187
46.85,69.09672887881332,7.842656545194679
46.900000000000006,69.10136937183853,7.769779447707662
46.95,63.6985409016005,5.352243840615953
47.00000000000001,67.71463338008435,6.654115713071535
47.050000000000004,66.08350749435856,7.980579511051267
47.1,67.08264451024569,6.698012676370325
47.150000000000006,65.78536849758498,6.239041210491253
47.2,67.02343155712228,8.148783849125019
47.25000000000001,67.37149031919913,5.449499135487379
47.300000000000004,65.77253431831127,5.357500403295289
47.35,68.21267941520125,6.8273473952560355
47.400000000000006,68.7254258717759,4.726500380013743
47.45,66.39621407693797,5.954184520161546
47.50000000000001,66.20364246484796,8.461210770186387
47.550000000000004,68.72656508877225,9.67972123803558
47.6,66.9744803518592,6.381098693686328
47.650000000000006,66.86965741443845,6.390959156331478
47.7,65.61813230237324,3.306584737581957
47.75000000000001,66.43648220961249,7.219557715325564
47.800000000000004,69.96169176499536,4.575214867593788
47.85,68.01047516201365,6.0407900753376955
47.900000000000006,64.96859783393255,6.832095254045467
47.95,65.17616331753152,4.326403474008169
48.00000000000001,64.24292116309475,8.847045187922044
48.050000000000004,66.15774138918971,6.82333121910613
48.1,66.31119661143434,8.332950061540407
48.150000000000006,67.79082955496919,5.272841835622768
48.2,68.39211361466121,5.042022341660749
48.25000000000001,67.26236943511606,9.191417742979802
48.300000000000004,66.83928960792211,6.387642841325332
48.35,64.61017205627479,6.790882053156875
48.400000000000006,66.55363386042558,8.647746576637442
48.45,65.36800580862362,6.1988318577965025
48.50000000000001,65.94822050537483,6.745628079498313
48.550000000000004,67.73474317215882,7.185664043814583
48.6,67.81532265973672,4.329608295145446
48.650000000000006,69.43949044542275,5.988873873518519
48.7,68.07084790362511,5.0779617306220945
48.75000000000001,66.25211746920817,8.784732077481623
48.800000000000004,68.25424987434268,5.68234260306537
48.85,67.86330498339603,7.089791626513881
48.900000000000006,66.06119358664024,6.1337285657012295
48.95,67.54568940510242,6.953703312580831
49.00000000000001,67.4808532354498,6.6131478340224445
49.050000000000004,64.08021136069883,6.975343471784877
49.1,65.69119409547561,5.504018795456496
49.150000000000006,66.34906326176221,6.237219113332584
49.2,64.6180092725844,4.859960735235351
49.25000000000001,64.64055200849194,5.4766813873413795
49.300000000000004,68.03714777521508,7.545843025234523
49.35,62.48149061338857,6.671966747140682
49.400000000000006,67.24629723722114,6.1595164803676345
49.45,67.9293041708422,5.643520375696472
49.50000000000001,67.0363385693076,4.643223190679002
49.550000000000004,66.2199511641541,7.910096722479437
49.6,67.68626706269562,6.09152346480537
49.650000000000006,67.8612986702397,6.421646720345522
49.7,68.31807305247013,8.575874150473403
49.75000000000001,64.57687243020436,5.921629755080799
49.800000000000004,64.94363252794798,7.615115712855323
49.85,66.65624763653423,3.4266041785198667
49.900000000000006,67.60324325961432,7.315681938247524
49.95,66.74839201606862,8.21985469452645
50.00000000000001,66.2838563756407,5.6396149495331995
50.050000000000004,65.89705449092939,7.177264994306821
50.1,65.46824866609573,6.3196845069744585
50.150000000000006,68.12046393427103,6.031606285253319
50.2,70.05463328089212,6.757236429318226
50.25000000000001,66.1931394147605,7.643390637409738
50.300000000000004,67.85582101250444,7.313582106805448
50.35,68.24450486915268,5.563614311700689
50.400000000000006,66.59138950105336,5.9903229555369055
50.45,67.86424057299163,3.5694486691222598
50.50000000000001,65.83599062323232,6.801351559930328
50.550000000000004,67.61587051353565,7.219767378473616
50.6,66.14980319233716,5.637740665287361
50.650000000000006,64.13094618982889,5.958899154308971
50.7,64.88150149493443,5.951406999572038
50.75000000000001,65.82496036962694,6.259397072121043
50.800000000000004,68.72782109243478,6.406219612004133
50.85,68.81547126299468,8.85288925951133
50.900000000000006,66.96813057511729,9.571579266408406
50.95,67.38960039645264,5.289976813927756
51.00000000000001,65.25778188361024,7.480159494746117
51.050000000000004,63.53106696686101,8.29414890607684
51.1,66.41910540814031,5.712447387321013
51.150000000000006,66.60015516236435,8.168789831044897
51.2,66.37683558393849,7.324574824786486
51.25000000000001,65.17334250184582,7.879532048619321
51.300000000000004,64.62305260737912,9.475169047871915
51.35,66.10539582047605,6.6272653200721425
51.400000000000006,68.43027328974655,7.360993420681572
51.45,69.28060840204881,7.356559256390277
51.50000000000001,65.48560428168317,6.877111175451641
51.550000000000004,67.67218317336719,4.675468190181554
51.6,68.52957710993418,8.254561488942107
51.650000000000006,65.09220030916877,7.510254656766644
51.7,66.74457546003572,6.67285868295593
51.75000000000001,66.96510626875899,9.270817364444632
51.800000000000004,67.50990770983249,5.60991546359007
51.85,68.70680731586077,5.327328317216792
51.900000000000006,64.4628709514589,6.821352974290736
51.95,67.90764202113229,3.8008109903882428
52.00000000000001,67.22842706659095,5.944702875870907
52.050000000000004,65.88607739847873,6.288756990068341
52.1,66.93043161124942,8.321155174256504
52.150000000000006,70.4130432102551,4.562423960045997
52.2,66.7034655940131,6.230496184165801
52.25000000000001,65.13275561777878,4.772017040615349
52.300000000000004,64.68076942423117,7.715067524633588
52.35,64.38583793689354,6.891393855334881
52.400000000000006,65.50412695658066,3.5103824730343254
52.45,72.07577029551217,5.148500215631695
52.50000000000001,66.16980667815321,8.1613319440098
52.550000000000004,69.06550004136162,7.307477416936814
52.6,64.62396282643813,6.080046687922741
52.650000000000006,68.80390574402749,6.7770961384062245
52.7,65.64096164551177,6.5957966518429245
52.75000000000001,64.99695223254919,7.44064064511241
52.800000000000004,65.45613750271755,7.277417236953239
52.85,66.30239054219514,4.478052256834882
52.900000000000006,65.13489184074989,7.602397001454914
52.95,67.99472528182164,5.855021760219332
53.00000000000001,67.72798670729858,8.140283707312259
53.050000000000004,69.381793984124,6.573676078036037
53.1,67.12950714093064,5.895758687608746
53.150000000000006,66.811733190144,4.471516031471185
53.2,67.10127419357313,5.915541140847294
53.25000000000001,66.59219816853452,6.378496022418638
53.300000000000004,68.29177744590541,6.595356358793154
53.35,67.48080516857925,6.943283047160391
53.400000000000006,68.26028336825789,6.338254048610934
53.45,68.5437755635999,7.392128818724043
53.50000000000001,66.93001333799656,7.984896177696754
53.550000000000004,71.67966464193229,5.869692458275205
53.6,66.93657924852482,6.941949280940139
53.650000000000006,65.39862253515928,6.807093240944713
53.7,65.70980132023267,5.134798432226606
53.75000000000001,65.27034679623134,6.3264993151059725
53.800000000000004,65.33938222471858,5.907647019460162
53.85,67.6166110248897,8.002570676093061
53.900000000000006,68.30498531672313,6.0505140302553695
53.95,63.95359105177813,6.629394252159594
54.00000000000001,66.24915264114551,6.864606197991353
54.050000000000004,65.70328839497775,7.840909070829449
54.1,65.59545853605198,8.475620366630725
54.150000000000006,65.3676403808731,2.629618298765569
54.2,67.0484629126028,5.861713009056804
54.25000000000001,67.22493019753536,6.065518682360557
54.300000000000004,66.94835829890194,4.59709151075583
54.35,67.7600656588916,7.523260935362332
54.400000000000006,67.4173436094047,7.076996980533368
54.45,66.85289893586595,4.501559303357032
54.50000000000001,64.27673059725987,4.969217985612348
54.550000000000004,69.18320893940594,6.325647999510977
54.6,68.83477065744037,4.497340180282725
54.650000000000006,66.48089784130423,6.817176812655504
54.7,68.1177517762075,4.165272201091276
54.75000000000001,66.12226258915926,5.487244013923336
54.800000000000004,68.61358261957773,8.409664422572975
54.85,64.13894734931431,9.928972018570931
54.900000000000006,65.03324134535298,7.197397117410532
54.95,64.8700523241845,7.533589182654566
55.00000000000001,67.23471920540487,8.792465531020412
55.050000000000004,64.9200763246502,6.828169174104862
55.1,67.3817275965324,4.960410984816533
55.150000000000006,68.98259428579051,5.753610768884604
55.2,65.78086633679737,5.35344617515401
55.25000000000001,69.97752645587941,4.65153216773683
55.300000000000004,65.96395479380624,3.587691947458647
55.35,64.94493321072832,6.365331215992531
55.400000000000006,68.33876238754482,5.661455876701639
55.45,65.93102289170031,6.496220491772949
55.50000000000001,67.91790493706587,4.293449721632925
55.550000000000004,66.80858628883661,7.22142225576779
55.6,65.091415722339,6.606761132664197
55.650000000000006,66.15110067122971,5.421651524505322
55.7,67.55664555107651,6.092921783756178
55.75000000000001,66.13727905946968,5.765636979501746
55.800000000000004,64.23905747151485,6.592897502795796
55.85,64.54350717656662,4.4348632217257755
55.900000000000006,65.3689655964836,6.908705622356616
55.95,67.23839223935497,4.695172579727942
56.00000000000001,68.04096361859895,7.558431927501025
56.050000000000004,67.17655855603714,8.043031110886258
56.1,66.70311320163944,5.617790862821546
56.150000000000006,68.64622953043566,7.508593382327305
56.2,66.64013627034369,6.250104170156781
56.25000000000001,67.95559874858982,3.070584229011172
56.300000000000004,67.50824009724691,6.596879492770152
56.35,66.15098332110776,4.820083754369288
56.400000000000006,62.890646571026956,4.583281614956833
56.45,69.15190603485071,8.2364090286592
56.50000000000001,67.88616798404274,5.902179427892856
56.550000000000004,66.14036038547819,8.83930485825541
56.6,65.62908549966829,5.460067003864729
56.650000000000006,68.74634925836192,5.903668565864043
56.7,66.12736202057638,6.107364312374225
56.75000000000001,66.43490764478962,5.489216064231827
56.800000000000004,65.16741478814804,5.356734000668171
56.85,66.64023489634651,6.848270886801361
56.900000000000006,70.45804356813348,4.639364971671901
56.95,68.16693850150074,7.680366634915053
57.00000000000001,68.60776429747287,3.2465851934891905
57.050000000000004,65.14559359226722,4.322195608720709
57.1,67.98137548756702,4.813205819669874
57.150000000000006,66.66989841883363,5.807353660662047
57.2,66.19493117751267,6.6281726123139855
57.25000000000001,67.43154217033317,3.606012993349033
57.300000000000004,68.41017114419665,5.908605163547025
57.35,66.16216775954473,5.518914662246241
57.400000000000006,65.13639922794485,8.137937647046225
57.45,67.92158266967242,7.82093630884417
57.50000000000001,66.61132689014575,6.725050828554254
57.550000000000004,66.08987532320292,4.811526771657068
57.6,67.19803673849135,4.721665420729321
57.650000000000006,65.22477044164613,5.254931489887008
57.7,66.95073251706863,7.72530740527908
57.75000000000001,66.24210876236046,8.053162480335086
57.800000000000004,67.50030037599836,6.419326684605046
57.85,68.15963160843975,4.5161766839631525
57.900000000000006,68.41947732127021,6.8538563405762005
57.95,70.44922802621524,5.255099352603695
58.00000000000001,64.39212262192501,6.047014737822652
58.050000000000004,70.34148265369754,5.257885359590408
58.1,65.85522965383436,6.177918234977047
58.150000000000006,66.62681239379968,6.661575563229454
58.2,67.42482917261938,6.042053456335723
58.25000000000001,67.53175234581964,5.632586629211198
58.300000000000004,68.73910932164708,6.025501046267422
58.35,64.25665548648614,4.295669213490821
58.400000000000006,65.991361826848,5.2464703139441795
58.45,66.04142492004156,5.401347443961191
58.50000000000001,67.87734236507485,6.432541610319827
58.550000000000004,68.50554152816764,3.6235366088027456
58.6,65.12003103433968,4.593936052308105
58.650000000000006,65.77935905095167,6.2613752073207385
58.7,66.49922508999178,5.579389185494787
58.75000000000001,68.64780732753138,6.922186424348508
58.800000000000004,64.94922137156304,5.588364390042423
58.85,67.53729167995056,6.092293579566103
58.900000000000006,65.58242344455589,6.392560258031114
58.95,67.32920650648963,4.6750086298451885
59.00000000000001,67.31699781438705,5.498071426179631
59.050000000000004,65.56333974968523,5.827089491807912
59.1,66.99454831795575,4.422531668649627
59.150000000000006,66.39229591171113,5.987060955509705
59.2,66.90195691905996,5.663064933694665
59.25000000000001,65.69516893376895,6.538268490297721
59.300000000000004,67.05432671948878,5.354544580864135
59.35,69.92871697366651,5.639703511687272
59.400000000000006,65.84040755548219,5.854186262280115
59.45,65.89980343961916,6.231647702743389
59.50000000000001,67.43472066389411,5.889207345154357
59.550000000000004,66.4721000860683,4.622457439007658
59.6,65.36394398094261,6.2218934922856475
59.650000000000006,65.33420358851511,5.737045488712561
59.7,66.660681961993,6.439412350316375
59.75000000000001,66.53909553168921,5.420437748920012
59.800000000000004,67.13728975663645,6.786582197672773
59.85,64.84781618113216,9.08899902579039
59.900000000000006,66.46655033722777,6.0781327723023235
59.95,64.38508867236561,8.111711492888984
60.00000000000001,65.155926673745455,6.008925058970895
60.050000000000004,64.53452053837192,5.694582488647466
60.1,68.65426270915535,3.7753883114760893
60.150000000000006,67.21123734420591,4.3244347768581815
60.2,65.49854573855981,8.78884926280044
60.25000000000001,65.66314516198024,9.644001118780436
60.300000000000004,67.3003682037587,5.609565885038867
60.35,65.88877628531888,5.717325796205559
60.400000000000006,68.50103802891351,4.248850832479327
60.45,66.83698157348448,7.460174475578323
60.50000000000001,67.49486491004835,6.292254657065773
60.550000000000004,68.24357506496592,5.639536120019338
60.6,67.66075814814536,4.220679805553237
60.650000000000006,67.55751284690047,7.676460807411372
60.7,66.27724803395733,6.4075852272865905
60.75000000000001,66.75321619208002,6.904626966839282
60.800000000000004,65.59294098910985,6.233245448156237
60.85,66.78105068149823,7.881116279068754
60.900000000000006,66.48833128928052,6.001579294189626
60.95,65.5725623202426,6.8614347147075705
61.00000000000001,66.63880276045865,6.752526843756881
61.050000000000004,66.0982473399685,5.395970450960757
61.1,66.67438302138763,5.320353616560641
61.150000000000006,65.95528587269281,3.395581948262515
61.2,67.83508515633405,8.178601852882084
61.25000000000001,71.83406828383595,4.541388684479603
61.300000000000004,65.81760385501077,4.55967110374907
61.35,66.59935509901591,5.760110110270051
61.400000000000006,67.03960281205535,5.355954772987901
61.45,65.54934400785476,7.551031851887776
61.50000000000001,67.18483933380219,6.319455377337445
61.550000000000004,66.7999702084224,7.16620959316712
61.6,70.81143725640386,5.283325056536342
61.650000000000006,66.22610348377233,3.7681569398078496
61.7,69.29690593379621,7.62167384641822
61.75000000000001,66.9725794752174,4.848662382264246
61.800000000000004,67.65923274265317,7.872736069835858
61.85,72.05837588386049,6.634377866101052
61.900000000000006,67.17335855898992,4.222255008743698
61.95,65.33417188225283,6.256345846794275
62.00000000000001,66.32445790709886,5.486285328613298
62.050000000000004,65.3626329315777,5.456574698700559
62.1,64.79900007287581,4.5802577840735275
62.150000000000006,66.94425580325996,5.925545112805054
62.2,65.62455993980014,7.603440618256284
62.25000000000001,68.06645364652627,6.060172607208774
62.300000000000004,67.90246660096957,4.845545175529706
