s,lift,drag
0.1,-0.6176849225045693,7.4909580929423125
0.15000000000000002,-2.057323612727029,3.5940538480295254
0.2,-0.2063218197677521,4.82615155485062
0.25,0.5942923192406118,3.641666828197113
0.30000000000000004,-2.1826020358487734,4.308961817058914
0.35,-3.5706186035936067,6.087734139928899
0.4,-1.9373934866174416,6.615050401210898
0.45000000000000007,-0.2840166022179398,9.619285634897064
0.5,-2.7080511391808315,6.101142115821598
0.55,-1.7437249534021995,4.9056331523011565
0.6,-0.9314899690086358,3.840560065623115
0.65,-2.241355138138754,5.95528492475469
0.7000000000000001,-2.83116499942003,6.739121591347924
0.75,-2.1348640272366097,4.705521753968367
0.8,-0.5519213921324198,5.748519489070885
0.85,-4.080738605564291,5.714333269362326
0.9,-3.1924409503654045,4.746829336999311
0.9500000000000001,-2.950777942845627,6.517708410105765
1,-3.938076153617465,3.202804027639228
1.05,-2.8770694227157545,8.383253151021412
1.1,2.142384198304743,5.428674984589642
1.1500000000000001,-3.690163795378494,5.987474513510662
1.2000000000000002,-4.032147399944791,5.508727012365124
1.2500000000000002,-3.5194166791745687,3.359194672410899
1.3000000000000003,-2.5597256838621085,6.233433535903937
1.35,-3.920343600850102,5.17545518888032
1.4000000000000001,-0.554077998690246,3.814347849762746
1.4500000000000002,-2.073127756092536,5.921903488492275
1.5000000000000002,-4.114788619184762,2.4235404852602493
1.5500000000000003,-2.878924998629903,7.651158398308082
1.6,-2.1965864032187485,3.996766417706715
1.6500000000000001,-1.680345723997402,5.162377291270445
1.7000000000000002,-0.25746753521318566,8.12579039368984
1.7500000000000002,-2.122981994104233,3.175234173385718
1.8000000000000003,-4.218713214917093,7.864463716590853
1.85,-1.1627246988980442,6.558237468496033
1.9000000000000001,-2.6272162731271997,6.42217312838072
1.9500000000000002,-3.4801094064567266,2.0636681378937327
2,-0.11260120542606544,4.9840556619055425
2.0500000000000003,-3.3692947839914567,3.2561160827200686
2.1,-0.061629545639643846,4.284729181597607
2.1500000000000004,-2.0503962715855377,6.005468615031212
2.2,-0.3939072257551526,4.022494675144153
2.25,-0.7215408165112212,6.979201710037922
2.3000000000000003,-2.1184022230801456,5.420935247424309
2.35,1.1846224590385976,2.967641945412272
2.4000000000000004,-0.955844804827841,6.6311918262300935
2.45,-2.814867444962255,4.443057547449003
2.5000000000000004,-2.1362182244028016,3.792114321155376
2.5500000000000003,-2.1023124365503527,7.122595244377566
2.6,0.18079477748658213,5.824281131411038
2.6500000000000004,0.12495402488912322,6.08837924297286
2.7,0.47586859000160797,5.821971312477163
2.7500000000000004,1.079631451144927,4.301046607488013
2.8000000000000003,-1.3437675699436529,5.374571921087605
2.85,-1.6875348604349092,5.078589396556187
2.9000000000000004,-0.24212869230865253,4.372416523712633
2.95,-0.8586519285644595,2.809943947669249
3.0000000000000004,-0.8229539158753252,6.065192182457711
3.0500000000000003,-2.0287698150877134,4.34684148902086
3.1,0.1486133644722738,7.324669600603784
3.1500000000000004,-0.9223168938135238,6.824243049779496
3.2,-0.23752426873359922,4.899745514298828
3.2500000000000004,-1.9897576850656202,5.834969088142172
3.3000000000000003,-1.820579216791339,6.741091260516206
3.35,-3.17254948892895,4.920734733778739
3.4000000000000004,-0.5252043185770872,9.88126146571471
3.45,-3.719825402572406,6.194530319718028
3.5000000000000004,-3.847906039297599,5.2074992115038645
3.5500000000000003,0.08965815603586758,5.430310725060751
3.6,-5.886608131992392,5.289568051634535
3.6500000000000004,-0.9108190918642701,7.311062670040011
3.7,-3.6176251770569032,7.212537683919996
3.7500000000000004,-0.22989998523660238,5.551167088731867
3.8000000000000003,-1.3651357245212878,5.109267438753745
3.85,-1.7007610958723627,6.231617654474874
3.9000000000000004,-0.9740155831920461,4.45337191277464
3.95,-1.447655846714345,5.432524058711854
4,-2.6192321879297897,5.0682526693513665
4.05,-3.5725670105564893,3.222431565979198
4.1,-1.6091925341984967,4.502581031656012
4.1499999999999995,-2.579594054796675,3.6843320214680357
4.2,-0.8921753301070315,6.7580991898218485
4.25,-3.4738111336443955,3.5887799443471122
4.3,-4.249986504944232,5.167415673940339
4.35,-1.1439259786484572,3.8906925479911667
4.3999999999999995,0.1902225920018219,5.4897495539981165
4.45,-1.41302598134394,4.637586384033818
4.5,-2.2584185273694866,8.87538520668394
4.55,-1.847053281138314,4.849500907577355
4.6,-0.04393058643493997,6.472850049826512
4.6499999999999995,-2.66134197468025,5.9256004131723605
4.7,-1.7294725861343883,6.366078394776865
4.75,-1.8870981426152562,6.882894310556478
4.8,-1.6858212175236242,4.618980833469303
4.85,-0.1894976016216252,3.6473297399173803
4.9,-1.1568923659666526,6.342977223379873
4.95,-1.599960874083045,3.958364514540846
5,-4.188883723549936,7.395447643089639
5.05,-1.8926661601117993,3.707250282423823
5.1,-0.9298128051671266,1.5010696636631025
5.15,-1.3506364926424075,3.7604526815340913
5.2,-3.2396726835645833,4.571387165836208
5.25,-2.7919801513816793,8.196426861320946
5.3,-2.874292267525915,6.583526925721759
5.35,-3.306073493295367,7.707246334484376
5.4,-0.42330450886192583,3.37664999239512
5.45,-0.4443911879157827,7.019563758706419
5.5,-0.5752281558906758,4.435565380928911
5.55,-2.7145507239401043,6.647914626577871
5.6,-2.0621093195049274,2.4323725458020866
5.65,-1.1506152710035553,6.823796904336197
5.7,-0.45227873807382757,4.894269123514427
5.75,-1.86091771196816,5.068050384432002
5.8,-2.3070346439662583,7.334317841890725
5.85,-5.288515397363517,5.893020391995073
5.9,-2.1215483091191123,5.498653509383835
5.95,-2.9937606373012935,6.582686377339658
6,-1.1441729148110737,4.014171466332455
6.05,-2.5080813366162764,3.3502954568069434
6.1,-0.8961930898120891,6.972959445288995
6.15,-2.165844448771146,7.482674780744569
6.2,-3.032985776836289,6.097009647028318
6.25,-5.02535299989358,5.335796240125019
6.3,-3.1275796645027825,7.477252640956962
6.35,-1.203774204352324,5.570903051520033
6.4,-2.514360810787208,5.931717360822734
6.45,-1.2733021668861881,5.524773584935497
6.5,-5.59246231249888,6.476223223318345
6.55,-1.610541139300001,3.5896453411530254
6.6,-2.162423477466362,4.65287644601248
6.65,-2.268470485910241,5.0470189205707765
6.7,-0.20553302193724,2.917706969798049
6.75,-1.3158397416039884,6.505735736170205
6.8,-1.5418426898197584,5.6716887923759245
6.85,1.2047227777003278,4.2831160909091
6.9,-2.132955507339188,5.874055280001826
6.95,-0.7636114150864959,5.606490864816754
7,-2.336670018771109,4.290691818026182
7.05,-2.6222391341844657,5.442720884613274
7.1,-0.5451674878580439,4.210193378346092
7.15,-2.0396456052209984,6.1513545211934515
7.2,-2.9091381463931762,3.261967565492006
7.25,-2.3078131539483495,5.590189836761558
7.3,-2.0919218246439386,6.615265612505647
7.35,-1.0925188873247589,5.653927821810709
7.4,-1.796280953080124,4.179090870601881
7.45,-1.6322194636977014,3.720580357800613
7.5,0.9386978246153366,2.9135622557946745
7.55,-4.463567335901016,6.03193470457842
7.6,-2.359045864359433,5.623657985868595
7.65,-1.9740235889812978,5.434512590393734
7.7,-3.8805123693624957,6.385721626637159
7.75,2.0779654071933065,3.2981916948007535
7.8,-2.605828295301192,6.1563619763040185
7.85,-0.27434451757071776,3.3646499839807045
7.9,-2.6199579259897643,4.925615050097387
7.95,-2.971823092942139,2.1901277335600327
8,-3.319841831675883,2.921140952437221
8.05,-3.3998946288292275,4.26195023360616
8.1,-5.81733500566034,5.807659608885419
8.15,-0.6389977144789531,5.685942353129721
8.2,-2.458689721051633,6.751122116241971
8.25,-1.5449708199638001,6.01115533446819
8.3,-2.26272006117925,6.0293266040776885
8.35,-1.5065138051022604,3.904437117794587
8.4,-3.1832888912848976,3.648850221372478
8.45,-2.1523189491390458,4.447057581596405
8.5,-1.0978212754519268,2.6849564797280947
8.55,-1.1479252527028074,5.2099767722901005
8.6,-1.8990567891019892,4.998609453884802
8.65,-4.267869083637346,4.577884149101166
8.7,-0.9026798753297391,5.625930934064425
8.75,-0.8591296175465961,3.200113388942871
8.8,0.7370758576078302,2.499580873389938
8.85,-4.3389150276226935,6.204403897260198
8.9,-1.358713438346431,3.8841089800704096
8.95,-1.999675261127194,4.032833756768032
9,0.04598821413434684,4.679678781788834
9.05,-1.5473025622804502,4.186053355906969
9.1,-3.6697283000709593,7.1945122995467745
9.15,-2.860948526351751,6.8896663983333255
9.2,-0.9789528578646405,5.422703158466102
9.25,-3.128077276902664,5.031974843560204
9.3,-5.21480065614969,4.427944801703768
9.35,0.9743934400030823,6.840721934207806
9.4,-1.3019957649230485,5.706459293621298
9.45,-0.637829517204995,5.666779839226656
9.5,-2.975003456063644,3.103093319822941
9.55,-2.3066404856774407,6.664088078311544
9.6,-4.98455325433656,4.44239030565897
9.65,0.6753715133840197,5.85978635697545
9.700000000000001,-0.6948199085294948,5.422112116272447
9.75,-3.26099319555286,7.323988773656222
9.8,-1.4494075938516193,7.371733465351176
9.85,-0.9534339334182169,7.301410361111262
9.9,-3.304417683198852,5.216838374426302
9.950000000000001,-3.2647289057778925,5.177224601949627
10,-0.9010588441269949,5.492052132498469
10.05,-1.1518471213301287,6.080684473001835
10.1,-0.6075234355897983,5.303119904457472
10.15,-2.1933377025076237,3.3573253867977915
10.200000000000001,-2.5303831801670347,4.012566172521834
10.25,-0.32741041068137156,3.712046015758622
10.3,-1.091943705908534,4.346164048942235
10.35,-1.0022357815994287,7.289602984540769
10.4,-5.1208814612567934,5.210538883240725
10.450000000000001,-4.560069077501958,6.3524628631683875
10.5,-2.5209448352236103,5.214299949466841
10.55,-2.0999569332792953,6.774390005993382
10.6,-0.4615179824853226,2.623308599454499
10.65,-1.5141669159357203,4.645525351664643
10.700000000000001,-2.8150446649040246,5.21947119178476
10.75,-3.3471329768262352,5.912927302382213
10.8,1.7276507706491941,5.001787508151711
10.85,-0.45932146689399,5.036071438622033
10.9,-1.1160850776061224,7.04277904689482
10.950000000000001,-0.32134720107818393,6.284187764640325
11,-2.0255895537149713,4.8570460953816585
11.05,-3.4325893262424074,5.250910092327577
11.1,-2.8872681082820595,6.383872994982459
11.15,-3.411539583318504,2.9176120517154827
11.200000000000001,2.0715984959076232,6.619086094440467
11.25,-3.561283699584493,7.4017544462779234
11.3,-2.9112111268081025,4.4571513085095456
11.35,-1.1410467545880856,5.428826057634342
11.4,-2.254085447036208,3.039517284233983
11.450000000000001,-4.358017761251121,5.1677085045277975
11.5,-1.4504738172025293,5.742993569086584
11.55,-3.359582068131294,4.210360832494641
11.6,-3.7683339822142123,5.196373736991267
11.65,-3.4888647047183197,3.949791897595655
11.700000000000001,0.033415025920790375,5.209073963965781
11.75,-2.0517695446001394,4.988469772224681
11.8,-1.0312824006770245,6.093390320083735
11.85,-2.6554810327557643,6.471719180619191
11.9,-1.932331532030155,7.829218105367789
11.950000000000001,-2.1029748028869983,6.618160911008316
12,1.005602624498543,4.73425443263329
12.05,2.695075455873795,5.068041663742995
12.1,-0.891761906313101,7.95047648566721
12.15,-3.5170699361742974,3.5656781035434797
12.200000000000001,-2.444613211395902,5.169995644392936
12.25,-1.8375406073537597,8.937015954839675
12.3,-1.3485024807456514,4.7819134473544755
12.35,-3.2190586606300062,3.561403257693273
12.4,-1.1257550720813327,5.77092327990545
12.450000000000001,-0.9722423464107293,3.4488361974363335
12.5,-2.295920220895555,3.2109362629649674
12.55,-1.1948093279620888,5.024341683601465
12.6,-4.594244433881483,3.5691670068713606
12.65,-1.690896331348059,4.654008326735307
12.700000000000001,-0.7650671581867501,7.234792267327089
12.75,-2.5351134984020067,8.298113305755152
12.8,-2.788157785719383,4.286176000338736
12.85,-2.1914417868860485,4.696628267168158
12.9,0.8682032412975424,5.732848275142475
12.950000000000001,-2.356344654164105,3.779770116091817
13,-1.9894326415126755,5.318536139494548
13.05,-3.8078671206991714,3.7749022875828873
13.1,-0.3405098794882464,4.1211337187994905
13.15,-2.539795810985859,5.16717952697417
13.200000000000001,0.48970659447354525,5.214870969917603
13.25,-3.565416324794615,6.572120732779388
13.3,-1.0885280246495626,4.740229998946912
13.35,-4.23420593192027,6.1971747341827745
13.4,0.2948922795868627,2.7846025507409005
13.450000000000001,-1.369280969856342,5.748361524617423
13.5,-0.24207504293020454,6.616039909332286
13.55,-0.8770138936244158,5.260670555934258
13.6,0.9610183556994529,5.13309698974666
13.65,1.0997957197090893,4.744970282756583
13.700000000000001,-3.6125939481892173,5.566308715141936
13.75,-0.8287229306413799,6.586425881515847
13.8,-2.9827676586565164,6.755804617158727
13.85,-2.134200118505998,5.70082947208902
13.9,-3.793265652769871,4.591004317679232
13.950000000000001,-1.7471962084954562,7.943534512612022
14,-3.899824991095996,6.820795119706005
14.05,-2.8584554828757867,3.960350889427101
14.1,-1.8307524132299158,5.655874278470577
14.15,-2.9136638247831863,2.8880735808547984
14.200000000000001,-1.8081692794846,2.9081695429513403
14.25,-0.32250605285067957,4.119561126781793
14.3,-2.5295534434379583,5.397234396845728
14.35,-1.2340595554468177,4.500726512789233
14.4,-2.254074893784405,7.189570112604282
14.450000000000001,-1.4388215831586557,8.47423149799447
14.5,-1.4373315380546334,6.711355105492488
14.55,-0.8045613178438948,7.238129426705823
14.6,-1.3912186379663214,6.639087309919117
14.65,-4.249241529717316,6.987831096830037
14.700000000000001,-3.8082771289662904,9.04020388002648
14.75,-0.02472842215012183,4.306502434237633
14.8,-2.9354982999223687,3.5505133423328696
14.85,-1.413074783320527,9.271457044301485
14.9,-1.9748241980656283,4.485245540772092
14.950000000000001,-1.6059032524544474,3.398261463440537
15,1.0965427650137356,3.7693836568939356
15.05,-3.8903603696905202,6.469594541953029
15.1,0.15457208534332234,4.536837640013564
15.15,-1.2203641075192122,4.747713446568826
15.200000000000001,-1.561724871945759,4.886559279342961
15.25,-2.883868619245863,6.717777887917303
15.3,-0.41087184889740724,5.260494025114529
15.35,-1.1749699796344166,6.666795208423242
15.4,-1.5397193762650603,5.475410455338364
15.450000000000001,-3.358099145740354,7.078793266509104
15.5,-0.43826370265887316,6.572515817377578
15.55,-2.322492703597079,6.122101221474624
15.6,-2.3811120719673893,6.4265044327093666
15.65,-0.08373098792140565,2.596981016819502
15.700000000000001,-0.8269609276996134,5.186078649734912
15.75,-2.6820417703088593,4.770898094900645
15.8,-0.9936616040213362,3.014872734439097
15.85,-3.108253497635479,5.617845012241058
15.9,-0.6693867578522503,6.271880859362301
15.950000000000001,-3.0260164689464,6.20413406093772
16,-4.535999671306552,4.306957495322142
16.05,0.7378324996724464,5.882219442505411
16.1,-2.3960183480063315,5.941500962618131
16.150000000000002,-0.8212303868062057,8.091136527062217
16.200000000000003,-3.514503392741692,3.670096457569964
16.250000000000004,-2.0279132500301937,6.381355252905513
16.3,-0.8256175765474989,4.83569104656866
16.35,-0.3110975034800003,5.718362255248572
16.400000000000002,-0.8112712559692705,3.6487325019221717
16.450000000000003,-0.9425227474403466,4.028768509172083
16.500000000000004,-2.1655695285970236,3.029680302688363
16.55,-1.2456295895226108,5.211411588519458
16.6,-0.6919462841734942,5.6607004542720585
16.650000000000002,-3.825161598561632,4.963158897709544
16.700000000000003,-2.109067234946353,4.070734835203229
16.750000000000004,-2.870234910176107,6.262477822137431
16.8,-3.866087155147584,6.730046510966279
16.85,-0.03837876322522504,4.93291055322357
16.900000000000002,-0.11892521950344381,7.466162213720768
16.950000000000003,-2.2462868873399473,3.397912992624256
17.000000000000004,-2.8453872778439493,6.415993720415108
17.05,-0.21689621676107795,6.541448039348547
17.1,-1.7510174109219323,4.087733630892543
17.150000000000002,-2.950120677040709,6.214857253127487
17.200000000000003,-2.4983547497341005,6.377359498153994
17.250000000000004,-4.983258835902314,7.1093901385012686
17.3,-2.3360739922479903,5.91389842631632
17.35,1.5708171383157936,4.024085925436052
17.400000000000002,-2.2980187307338973,4.537281017401212
17.450000000000003,-3.102270179155399,4.607114124287029
17.500000000000004,-0.5249719125384653,6.859577269147518
17.55,-1.2434807180503662,4.452514115782471
17.6,-1.1786306040659782,3.6050280629019524
17.650000000000002,-2.6810099093190276,6.104579805974751
17.700000000000003,-2.3031843611376743,6.640818887480929
17.750000000000004,-1.0581869129965038,8.52074757634116
17.8,-3.4337510119303705,6.562513028789073
17.85,-0.8082816909125998,5.334475053062164
17.900000000000002,-1.1218782005020245,5.589905574032773
17.950000000000003,-3.2477829783850467,3.9734993872255893
18.000000000000004,-1.4054320836625316,8.657948792133212
18.05,-3.0925023718234543,4.1796386229861024
18.1,-1.721813209992819,5.536783595155706
18.150000000000002,-1.4705732513638883,6.501631228314422
18.200000000000003,-2.757082826273747,3.0188560824763466
18.250000000000004,-3.3773342044741277,6.789584709791515
18.3,-2.7876092923049254,5.806680644670272
18.35,-2.450910380837003,5.122312944914167
18.400000000000002,-2.1950896423997066,6.044503354821039
18.450000000000003,-2.6478071108939885,4.6413411686652095
18.500000000000004,-2.852787303668836,1.9592322799950432
18.55,-0.6888584652952805,6.352628143564883
18.6,-3.6640861087428265,4.664931110687875
18.650000000000002,-0.5489294566888001,7.644696205969586
18.700000000000003,-0.9153632859230834,4.06132749097414
18.750000000000004,-2.792209211913464,6.373776017245821
18.8,-0.11474073731816414,6.1917770942602415
18.85,-2.0577868902211067,5.277221616235186
18.900000000000002,-2.202000676258924,3.629137191349836
18.950000000000003,-2.418053506746113,5.629353667391138
19.000000000000004,-1.6380021852557864,3.3510520895729434
19.05,-2.6857868776185474,4.202682387855338
19.1,-4.733799769866849,4.259080017219674
19.150000000000002,-3.3370361075546953,7.221227722192682
19.200000000000003,-1.5843946602084376,2.931100543484041
19.250000000000004,0.5233079427029319,4.059941789102326
19.300000000000004,-0.7201271795583828,3.3086203385885558
19.35,-0.4123487866872284,5.943674482957585
19.400000000000002,-1.1190459992433088,6.102977937312443
19.450000000000003,-0.5481131326520217,7.973181654722958
19.500000000000004,0.3431187034552219,4.2355108187530845
19.550000000000004,-3.37365813248444,7.836525782436281
19.6,-4.263456559356069,6.104698085927899
19.650000000000002,-1.9012048640115895,5.676008102282458
19.700000000000003,-3.295186437844147,6.531956621467864
19.750000000000004,-4.386514105682851,3.8709294522360196
19.800000000000004,-1.2783385616622813,5.027684518359102
19.85,-3.7890446288724453,4.353582260277996
19.900000000000002,2.8623758551103125,8.583453812863446
19.950000000000003,-1.730846230398087,4.1466978039588485
20.000000000000004,-0.7191776789231206,5.475788497796227
20.050000000000004,-0.6784751231093835,6.097048926873922
20.1,-3.2951468519552174,1.9887765401861839
20.150000000000002,-1.90561812428076,6.303457331163511
20.200000000000003,-3.436897491082406,2.482165025643572
20.250000000000004,-1.2186037446206874,5.961399816448768
20.300000000000004,-0.6243733652318504,2.687562955845846
20.35,-2.0171699751643595,4.350565323763971
20.400000000000002,-5.450100406145339,5.484905231103627
20.450000000000003,-0.4910626962877316,4.304418803366759
20.500000000000004,-2.6651156689794604,3.5176649739161907
20.550000000000004,0.47615435391808636,8.16883796070774
20.6,-1.341683790273982,5.67045793600589
20.650000000000002,-2.5613362612147483,8.334986094276363
20.700000000000003,-3.0614087080531998,4.338654709033502
20.750000000000004,-1.5332817264241092,4.610854126009759
20.800000000000004,-3.600774795732331,8.268069652358562
20.85,-0.861375877231909,5.428148649972163
20.900000000000002,-0.9841097952105475,5.29879663441481
20.950000000000003,-1.5290935427389776,7.149114806183323
21.000000000000004,-0.2772399830771015,4.389158296748008
21.050000000000004,-3.292695940804462,3.3580368894379626
21.1,-3.216521981250355,5.88905503148905
21.150000000000002,-3.2617890500466453,4.668546032053137
21.200000000000003,-3.0380473563722363,5.131785284159889
21.250000000000004,-2.1092477847677307,6.127996748191224
21.300000000000004,1.056539690282009,2.9740388998412843
21.35,-0.7648253712325863,2.99481046323302
21.400000000000002,-0.361655036223681,7.104377612184999
21.450000000000003,-2.0100739139359414,5.370734991014115
21.500000000000004,-3.90953688292016,6.8779859920962645
21.550000000000004,-0.7546490718295824,5.116848106293811
21.6,-2.1258971422030233,6.163868078365182
21.650000000000002,-1.408870526338771,6.0260875568771555
21.700000000000003,-0.36924430521728535,4.143027347642988
21.750000000000004,-0.7854443617475744,7.185866780743642
21.800000000000004,-4.9153870557168,6.638294729317771
21.85,-5.053720803140668,5.6049033308232215
21.900000000000002,0.7381131793539708,5.319293107511686
21.950000000000003,-3.4974474616344953,8.826523492998202
22.000000000000004,-3.3053062392611867,2.871570782413068
22.050000000000004,-3.494439960205094,3.8542386208944266
22.1,-2.716684500770467,7.894291870652643
22.150000000000002,-2.794555867345971,5.089846242411395
22.200000000000003,-2.829393425138024,2.749622007133112
22.250000000000004,-3.2806097355105113,4.77752099080527
22.300000000000004,0.3515770145070254,6.295419504810588
22.35,-0.3839477875967219,7.09433121403279
22.400000000000002,-0.8238474143557,6.097224019717416
22.450000000000003,-2.6704714816478243,4.444826309060853
22.500000000000004,-2.52923777721478,3.03695510634753
22.550000000000004,-2.5155416242346904,7.782156617969372
22.6,-1.8705032920660114,5.3058614817068355
22.650000000000002,-2.557079849697627,4.4541758647930845
22.700000000000003,0.27755754698530377,4.553883459991759
22.750000000000004,-3.355647520768369,6.720444460408813
22.800000000000004,-1.533870148121173,3.213049076414824
22.85,-0.7394655542858333,4.833436953112863
22.900000000000002,-1.8058299995210083,7.230442341424396
22.950000000000003,1.9196997080944442,6.186806936830087
23.000000000000004,-2.0729007473935788,6.035105284623759
23.050000000000004,-3.972383914221595,5.649133705196447
23.1,-3.0266381166101812,4.272929152139847
23.150000000000002,-0.3295185782480623,5.17975526050412
23.200000000000003,0.1975509529746977,4.081576387064503
23.250000000000004,-2.424092342933225,6.56565048474389
23.300000000000004,-4.110544122834546,5.951111845230239
23.35,0.265806064648751,4.64228393595197
23.400000000000002,-1.7368903714597106,7.079375051740702
23.450000000000003,-1.9110582266345593,7.584232596822331
23.500000000000004,-3.339013788045688,6.879294113463406
23.550000000000004,-1.8430736969092614,6.816349572345843
23.6,-1.1574677743065827,4.605631632301299
23.650000000000002,-0.13597135677180527,6.9547543178412985
23.700000000000003,-1.4765262208003052,3.5400860149441886
23.750000000000004,-1.3639647456665074,6.880243957174184
23.800000000000004,0.15692931897480733,7.4793844325202015
23.85,-2.817167375633194,5.925595621233864
23.900000000000002,-2.857178453560202,5.208635083610529
23.950000000000003,-2.619598693118311,4.542173697265073
24.000000000000004,-1.6227603079526527,3.368795538412991
24.050000000000004,-1.4996603185001778,5.010919152672489
24.1,-1.6382993776163712,5.107866299457752
24.150000000000002,0.4661818034200944,7.137565293670139
24.200000000000003,-1.8084143411428484,3.718420941827361
24.250000000000004,-1.1611665895184675,5.179428024663291
24.300000000000004,-1.3266420715692022,4.712618831165258
24.35,-1.8686157097449985,4.840288001540833
24.400000000000002,-0.7980334967105562,6.337953285031862
24.450000000000003,-1.802033103681904,5.40486919050357
24.500000000000004,0.8132948369323263,5.497239994830713
24.550000000000004,-2.8310721496293327,6.037546583083723
24.6,-0.9167179385776807,2.995185428864457
24.650000000000002,-0.23260814164860277,5.185439013990766
24.700000000000003,-2.7014783291690208,5.52368180944829
24.750000000000004,-2.5978609873413587,4.916721893517959
24.800000000000004,-0.7598848615669227,6.5552252276322545
24.85,-1.9669387991455167,3.1867947331180635
24.900000000000002,-2.970274791829791,1.1357741995290702
24.950000000000003,0.11773023560760687,3.5371036315266267
25.000000000000004,-3.851629827301239,6.051983430711185
25.050000000000004,-2.334301901383752,7.9860660946592406
25.1,-1.4591319729419292,7.69258472381925
25.150000000000002,-4.917819504719222,3.2204162441705355
25.200000000000003,-0.7194640508373134,4.086724730511001
25.250000000000004,-0.8346501133166648,6.968874947839645
25.300000000000004,-1.0535470632988098,5.338950598539823
25.35,-3.0677338465243746,6.028239134368729
25.400000000000002,-0.13527871709067196,6.440482117028629
25.450000000000003,-0.9666326815178243,6.956262531339399
25.500000000000004,-0.9069204834418672,7.806255622400634
25.550000000000004,0.5733569676064085,5.545872492480154
25.6,-2.0779504628417964,5.390776144768932
25.650000000000002,0.777628652075055,2.34659651707422
25.700000000000003,-2.2558865284227494,6.51825254573547
25.750000000000004,-0.43639105318490556,5.143766572544074
25.800000000000004,-1.113404405920062,3.2460370395060067
25.85,-1.9506103586473675,5.528861791292084
25.900000000000002,-2.5010964415381434,6.0179858533388275
25.950000000000003,-2.185124488274973,3.3637102789568156
26.000000000000004,-3.3106678934192715,4.5478952984397125
26.050000000000004,-1.427385400535688,5.560186571916568
26.1,-1.1660226674822263,3.577813113410385
26.150000000000002,1.2282285447080319,5.3894556515577685
26.200000000000003,-2.9567322110726493,5.450503389532449
26.250000000000004,-1.8998105495775113,7.709238019111013
26.300000000000004,-3.2293986776695567,7.317662198116594
26.35,-2.8910890640929754,4.228607481020221
26.400000000000002,-2.973794827490333,7.9435849377223144
26.450000000000003,-2.2537851647493676,6.3787081912996655
26.500000000000004,1.443607411531085,2.703760033071521
26.550000000000004,-0.29028989489946233,3.829122183434265
26.6,-0.6124998933507861,4.117734138224286
26.650000000000002,-3.0253292958526545,5.109918643925709
26.700000000000003,1.0059977332091965,4.5246972916564605
26.750000000000004,1.1917984077091364,3.5218998497252576
26.800000000000004,-3.07791269842169,3.470672691631137
26.85,-1.5085933345658886,7.332037629894083
26.900000000000002,-1.4423954612448016,5.606715029818706
26.950000000000003,-4.987392502714743,5.55999897307744
27.000000000000004,-0.5083011171485743,5.274435854918168
27.050000000000004,-3.0817421864761565,6.486845277565109
27.1,-0.5906890730132981,6.152731377474363
27.150000000000002,-1.0769425488444886,5.875681819409379
27.200000000000003,-1.1940691269593713,9.016541715611853
27.250000000000004,-0.83947539139996,4.63456194973811
27.300000000000004,-0.6398475162396673,6.608819408493914
27.35,-1.2761159607633605,7.2860377459781756
27.400000000000002,-3.1280333083002207,5.744536414889694
27.450000000000003,-3.122995922322862,3.396834732200446
27.500000000000004,-3.1304727602773488,4.7200911712082005
27.550000000000004,-2.2174434297467434,6.146977633325883
27.6,-1.5155202246015336,4.538555208859074
27.650000000000002,-2.6225394997150717,5.6539477699029295
27.700000000000003,-0.5461376748948827,4.5586752960406
27.750000000000004,-2.074674346451462,6.16922189910713
27.800000000000004,-4.60096013680079,7.37931477606819
27.85,1.0205886949092913,4.28779950659569
27.900000000000002,0.19773487132787904,3.5968087152477413
27.950000000000003,0.9065574573155957,4.360316698457488
28.000000000000004,-0.34934083800045523,5.18007895312833
28.050000000000004,-4.485393759892904,4.263885600996945
28.1,-1.8992266562989788,3.4193996214325457
28.150000000000002,-0.9869299898973571,7.967276190743486
28.200000000000003,-1.164373761490292,4.538733615364455
28.250000000000004,-0.7217556260706359,6.770447861697619
28.300000000000004,-0.9900431429937204,3.9221741988437424
28.35,-4.598009485585866,4.722300620463736
28.400000000000002,-1.9058058212158726,5.967400543946654
28.450000000000003,-2.293083807755122,5.08913360940771
28.500000000000004,-1.6675518403468226,6.547444269684304
28.550000000000004,-4.026039826244793,6.103160758489674
28.6,-2.101391200578863,5.5271562730527775
28.650000000000002,-0.8631834027238228,4.961648676752295
28.700000000000003,-2.818646744645404,3.3431279598873926
28.750000000000004,-2.750785036213449,4.147292418172244
28.800000000000004,-1.2088608546126736,3.587292973453403
28.85,-0.3789412930681959,5.094810119674001
28.900000000000002,-3.2469146256083805,5.360743456055106
28.950000000000003,-0.050082844448668284,6.315408451979882
29.000000000000004,-1.8407340630776015,4.472662154000252
29.050000000000004,0.718074432858318,4.065879666821783
29.1,1.4953267571221203,5.391966005935983
29.150000000000002,-0.043432479135785185,4.920218337292092
29.200000000000003,-1.5424939711887025,5.270286096023671
29.250000000000004,-1.23985756028275,9.152110161716056
29.300000000000004,-3.5169371774296225,6.9491483341365585
29.35,0.012175170868298002,4.319932986437724
29.400000000000002,0.8491935988324013,6.633334106216915
29.450000000000003,-2.164136751131414,4.269886512361781
29.500000000000004,-1.5814260255939478,2.782714850428325
29.550000000000004,-2.5124040292015697,7.272015392230809
29.6,-3.1126880466570412,5.564283101311745
29.650000000000002,0.10247538415373181,5.432289994924133
29.700000000000003,-3.923244362671153,4.283117053671791
29.750000000000004,-0.14398796885291687,7.211228306883864
29.800000000000004,-3.7715385211385772,5.636391420047733
29.85,-2.159247526639871,7.293621242348637
29.900000000000002,-2.447977899218249,5.872326340859691
29.950000000000003,-2.7954754905962664,6.194384804758416
30.000000000000004,-1.4458233819295137,4.048456054224024
30.050000000000004,-2.193240042216889,5.711817601238961
30.1,-0.3834841387582608,3.7561190953511976
30.150000000000002,-0.5017023428426757,1.7152091235061175
30.200000000000003,0.7627385879131092,6.7599594005409775
30.250000000000004,-0.05610101573680759,7.496874270681966
30.300000000000004,-2.2085803992327144,5.975024125543028
30.35,1.0849012087999903,5.749561764710943
30.400000000000002,-4.174164232621444,5.923626460609326
30.450000000000003,-0.5221059360595537,2.6068088278250685
30.500000000000004,-2.3100111483696444,3.8779385823934227
30.550000000000004,-3.9979174246282847,4.361537886532825
30.6,-0.3009514418281134,5.073342533520476
30.650000000000002,-0.941481976855336,5.894310698772455
30.700000000000003,-1.7903255131724396,7.199742858777622
30.750000000000004,-1.662993683409586,7.705605390446989
30.800000000000004,-2.314057086071988,5.403008153103752
30.85,-2.2730961183303684,6.320083227178467
30.900000000000002,-2.1136879814220144,4.940719729896877
30.950000000000003,-3.4237397365483324,5.58524032759855
31.000000000000004,-1.5088279115754788,6.691128749253792
31.050000000000004,-2.512525519595312,6.056280074039956
31.1,-0.7620068555793555,4.611812608589098
31.150000000000002,-2.9579493206442704,6.330851031265902
31.200000000000003,-3.1412516665376966,6.62209454785248
31.250000000000004,-0.40977361242603627,4.3930454938482555
31.300000000000004,-5.299994164713092,6.117486675858997
31.35,-2.2063671908695355,6.7825327739395975
31.400000000000002,-0.7271981705970558,6.5621134954857165
31.450000000000003,-3.586915844895259,5.082865314810117
31.500000000000004,-1.774315441006043,6.587497766804102
31.550000000000004,-1.0978820313331485,7.3584430399411644
31.6,-4.205043855334948,3.8532226309143196
31.650000000000002,-3.895576931834097,2.0812325610406175
31.700000000000003,-4.981156163983036,6.716306938399052
31.750000000000004,-1.6618716775640694,4.170022299163608
31.800000000000004,-2.470253228450553,4.250133745572609
31.85,-0.6352280209866941,6.51456066287057
31.900000000000002,-4.98097910066223,3.22678880817789
31.950000000000003,-1.0626488235666856,5.793698606911204
32,-1.813207387624278,8.88719344391707
32.050000000000004,-1.4143027504903536,3.7620526464268513
32.1,0.130885946795541,4.70390237104998
32.150000000000006,-0.7812206349309883,6.060876619124811
32.2,-0.93955829459596,5.600996938587
32.25,-1.7545489497077227,3.670769466000338
32.300000000000004,-0.010143297253459194,5.665703341919209
32.35,-1.1329644627025155,4.824279979161184
32.400000000000006,-1.8450275585732856,3.8528482884768582
32.45,-0.8284762300565848,6.9118558146493445
32.5,-3.3178566473237208,7.907255073918779
32.550000000000004,-0.5316783967626151,3.065683112788801
32.6,-2.6895430651579364,7.067923367774093
32.650000000000006,-2.109071116654377,5.699207477655802
32.7,-2.0542099456769853,6.162376281055097
32.75,-2.161761716493625,4.769939440606753
32.800000000000004,-5.477351862759841,6.118631289543827
32.85,-2.3051944724414084,5.809554391246183
32.900000000000006,-2.4908998143103758,8.106278945283206
32.95,-2.0128388577459146,7.737655029316999
33,-0.8661912072644744,4.810252779578301
33.050000000000004,-2.188706854296201,3.6782322881143727
33.1,-4.533451426551641,6.091425798029348
33.150000000000006,-2.3122405233255976,3.285716634809631
33.2,-5.044276900053024,6.18186328444429
33.25,-2.3553727436662095,4.626545828167316
33.300000000000004,-5.3800948271756885,7.181873680385142
33.35,-1.073719743980055,6.824292013218582
33.400000000000006,-1.1068670261287215,7.722351357225783
33.45,-2.0184533266366214,4.559737324727505
33.5,-1.0133666579648006,8.3722675259420285
33.550000000000004,-3.961364575269232,4.24641426349182
33.6,-0.24541779783241346,3.5016144346026024
33.650000000000006,-1.7762421580149426,5.525046505145464
33.7,-1.1948939568914867,6.055570327050364
33.75,-0.05121948875440041,7.239640231500924
33.800000000000004,-2.017777289045076,6.10500289191624
33.85,1.745963889147647,4.182906469435472
33.900000000000006,-3.2490675352603473,6.698681708187682
33.95,-0.9287632747434795,4.018372248535883
34,-0.0021662976536263034,7.077934069134159
34.050000000000004,-3.6908046594519064,5.9211665388286985
34.1,-3.9971086405113354,5.801704942997063
34.150000000000006,-3.229150786851312,4.047917024034858
34.2,-3.949610464942171,4.374320051814924
34.25,-1.4536791691993995,6.975717804277359
34.300000000000004,-0.8078095079198979,5.986440404907651
34.35,-3.400507362281572,4.594212033484181
34.400000000000006,-2.230970459330794,5.7078857438364725
34.45,-3.1885088079151513,7.574627656417378
34.5,-3.27210809680367,4.735160672018237
34.550000000000004,-2.9513299339215076,2.7966778655379008
34.6,-2.8123901583599693,6.276781196877747
34.650000000000006,-2.1722981396057817,5.427237578253644
34.7,-2.8459214616419324,4.264100161009162
34.75,1.195096841846155e-4,4.318735680206461
34.800000000000004,-3.756535618354918,5.500664966936205
34.85,-2.169248847756691,5.275675845999245
34.900000000000006,-1.9408592387695083,5.476326229130634
34.95,-0.6857744065490443,5.01661368644366
35,-2.4107859924798536,6.219720863830037
35.050000000000004,-3.3109124548440567,3.9434634554781
35.1,-1.2142813727343622,4.1359371088949635
35.150000000000006,-2.279959508426681,8.086062275462806
35.2,0.005605657621505111,6.9893749064640955
35.25,-3.7280278043908277,4.633670084339233
35.300000000000004,-1.571163495085779,3.553253068076553
35.35,-2.792699877205303,1.003657501548041
35.400000000000006,0.9308873057500604,6.74695007951877
35.45,-3.7548840924292977,5.618993485032512
35.5,-0.41369705610334195,5.911600590364923
35.550000000000004,-0.29363862925263495,5.607767612586748
35.6,-3.2425572895741377,5.23000720536058
35.650000000000006,-3.25859670594454,6.977514962167604
35.7,-0.9272295050173356,6.0106989012210095
35.75,-1.6307162523405423,6.469116395178775
35.800000000000004,-2.7495408694441514,5.350874471158483
35.85,-0.652483419774085,6.494505609338474
35.900000000000006,-0.706627306235734,5.860833021457966
35.95,-1.7013359702867625,5.655064708156
36,-1.5962103933456024,5.888060224014145
36.050000000000004,-2.3722886357939172,6.5601888139265085
36.1,-0.6116776211988795,3.632926778148943
36.150000000000006,0.5507007655219749,2.481037403953804
36.2,-0.5251409776564444,6.233736193490834
36.25,-2.546917810036029,4.861495734695574
36.300000000000004,0.1423366141795983,2.6740229719587907
36.35,-1.7499946676137228,6.181008445968637
36.400000000000006,-1.4799897401345314,4.374920270847509
36.45,-3.3595986657612134,6.495445615399765
36.5,-0.96125127621554185,5.905473716626748
36.550000000000004,-1.965210983445456,6.5315063671509535
36.6,-5.524860359586154,2.573414445183265
36.650000000000006,-0.9648871851851935,3.5645261032075797
36.7,0.07127709534048754,6.825680066861969
36.75,-2.00579308929463,5.026095769408188
36.800000000000004,-0.7472301312290004,8.297027797143537
36.85,-2.511850500324255,5.07877675969567
36.900000000000006,-4.438704042550932,2.2362848521719996
36.95,-3.2329215647701,6.403705683211534
37,-1.5512572655152357,4.15806412564416
37.050000000000004,-3.5168721656629023,7.92037018354589
37.1,-1.0744237828091492,8.115202186801618
37.150000000000006,-1.341080685093692,7.444948803318852
37.2,-0.3685666528570295,5.770791243650329
37.25,-3.684351160356467,4.310593879434987
37.300000000000004,-0.06888160114347408,5.383542648695606
37.35,-2.4842898576277124,4.505882252921288
37.400000000000006,-4.668089105359764,4.283926891590836
37.45,-1.8053888063472583,3.3889852584885394
37.5,-0.9584745622536088,5.63297612149279
37.550000000000004,0.15425550641573493,6.775852333583913
37.6,-2.369539019138492,5.745898257768038
37.650000000000006,-0.8834355986975014,4.307651956142997
37.7,-1.0232259466391882,5.91332833916263
37.75,-1.8359423101039267,6.437578249839312
37.800000000000004,1.5039222204902767,5.73590386519866
37.85,-1.942073786445185,6.556400231927229
37.900000000000006,-2.3926685793640923,3.0581981281531583
37.95,-2.899339079314998,5.258920034806371
38,-1.7908643256564332,4.3908594853660805
38.050000000000004,-2.0602754766270612,6.175902045036767
38.1,-3.2202803537062366,7.453168124024
38.150000000000006,-3.026300414060612,6.1156253191499275
38.2,-0.17534292395180384,6.338266719580492
38.25,-1.0770340240523426,4.568785323581885
38.300000000000004,-2.8607919322167126,6.430075934411331
38.35,-1.6063876453338946,4.930304673337035
38.400000000000006,-2.169077942992119,4.5604989929177755
38.45,-2.3322317019315095,5.441356365362945
38.50000000000001,-2.193384160715036,4.671649747173132
38.550000000000004,-2.441376858649637,8.521913418609985
38.6,-1.0349824871275688,5.994526402665254
38.650000000000006,-3.892905097591928,4.262756414751438
38.7,-1.4622667231117585,4.833194457428984
38.75000000000001,-0.148273190303277,7.590631338477124
38.800000000000004,-2.0168268521674015,3.833485129282025
38.85,-1.8012051570341574,3.5423357677132428
38.900000000000006,-3.53923197571992,5.940954088663649
38.95,0.1004139070059118,6.936184965934389
39.00000000000001,-1.0836135414177317,2.3792668598990185
39.050000000000004,-3.139892645950181,5.6340078627042205
39.1,-0.6759132404354566,8.67221527297251
39.150000000000006,-2.716521211888176,5.869939297106686
39.2,0.09167520660178008,6.669632232100376
39.25000000000001,0.29380397187734864,5.404631828693285
39.300000000000004,-0.11928650988705947,4.372158053887978
39.35,-0.11107393424306755,3.6964224072094836
39.400000000000006,-0.20301274819159576,4.350414167842238
39.45,-1.7896045426457834,3.3004641052020824
39.50000000000001,-4.54592481350274,5.318579002669792
39.550000000000004,-2.9185738823347656,3.9811644179395462
39.6,-0.24098357561781714,5.842521349240197
39.650000000000006,-3.07294480416354,4.416644865185263
39.7,-2.8055270768530893,4.418706123281344
39.75000000000001,0.5129525269618533,6.563895980503922
39.800000000000004,-2.930734111639026,6.38248862227377
39.85,-0.7625453354122074,8.750590471643507
39.900000000000006,0.78123921510566,5.433298112777165
39.95,-1.2431838605893484,2.6468324351554524
40.00000000000001,-0.3253706872867639,3.8898068870934193
40.050000000000004,-1.6547133957387432,6.308310935012466
40.1,-1.4759303127498669,5.153257238390315
40.150000000000006,2.071686698656693,6.775146425916521
40.2,-3.988055633656481,6.822968504466726
40.25000000000001,-1.3024420998185575,8.602603782344161
40.300000000000004,-3.8619740834511234,5.774716232326446
40.35,0.4634792221773083,5.23172368861319
40.400000000000006,-1.8782282654828022,4.585333164580287
40.45,-2.3472970006151717,5.510639653065776
40.50000000000001,-0.7379662652206636,5.980688622710775
40.550000000000004,1.2704111020332756,7.660883658259965
40.6,-4.5251705913616025,6.210320669437596
40.650000000000006,-6.0852915954289895,3.336358646318512
40.7,-1.9952931726184666,3.5534502948839437
40.75000000000001,-5.320900113381616,3.0051507360842296
40.800000000000004,-0.5962886715286315,6.941738651555464
40.85,-2.0538642111655467,3.2350419523883382
40.900000000000006,-3.736876314980397,4.4829022434055785
40.95,-2.369841602781592,3.538032641235617
41.00000000000001,-0.26632163978549883,7.153297919334862
41.050000000000004,-2.5345691146379545,7.649352474389024
41.1,-1.2338698762576805,6.500198187583457
41.150000000000006,0.04824414506187513,3.9379474092989595
41.2,-1.6433228883509694,4.898968061148342
41.25000000000001,1.5268450678661962,5.720665738942521
41.300000000000004,-1.2748200855219967,5.63742503691983
41.35,-2.764114324058337,3.595745208490304
41.400000000000006,0.6526880894834706,4.998715228266341
41.45,-1.256799458090914,7.259279826796384
41.50000000000001,-4.133314081137927,3.770222264160968
41.550000000000004,-2.5838356573463597,6.525372563661887
41.6,-0.09442779037275062,4.780866781934056
41.650000000000006,-2.895783775298767,5.673743518196639
41.7,0.7892547180116674,6.244690730796985
41.75000000000001,-1.416265569136609,5.551647861952545
41.800000000000004,-2.64326549925613,7.6665213775031145
41.85,-1.2300344136260188,3.1694777046184703
41.900000000000006,0.1763745432983137,5.766027180588017
41.95,-3.019883615862656,6.406583003900888
42.00000000000001,-0.816507408796207,5.323774726838242
42.050000000000004,-0.9299460099912606,4.34699268859835
42.1,-1.6320987198237276,8.221479556261968
42.150000000000006,-2.510835537301808,6.782941839922624
42.2,-2.8508674934700062,6.935233733969286
42.25000000000001,-1.8977610959584734,3.6237742888674385
42.300000000000004,-2.6765389479190733,4.648905922523011
42.35,-1.4968446896191618,2.3626565804677697
42.400000000000006,-1.2777744113989185,5.8514571926889865
42.45,1.5979567881968262,2.7273401030535682
42.50000000000001,-2.477916311927517,2.4657584913319313
42.550000000000004,-2.2959362181163208,6.187863919326836
42.6,-2.0463974578526516,2.994296960460112
42.650000000000006,-2.015313143934456,4.682974411891798
42.7,-1.1481833663796657,5.898805100065697
42.75000000000001,1.557174603967445,5.200026400603278
42.800000000000004,-1.5447514141203458,6.436021164445204
42.85,-2.22377431785442,4.083426220206566
42.900000000000006,-1.873089022161628,4.7019777766167214
42.95,0.29208424923549514,3.3928839410953
43.00000000000001,-2.217514514550925,3.2472928996408186
43.050000000000004,-3.761772482357201,5.2916031294984425
43.1,-2.190987390961438,4.733376306737277
43.150000000000006,-3.6005899842526565,6.250806570739192
43.2,-2.281370009756209,3.763012319783497
43.25000000000001,-0.9336798893546709,4.5241175496320665
43.300000000000004,-4.34286736643227,8.75881372458326
43.35,-2.61345992228368,5.847229271419476
43.400000000000006,-1.8425053324268177,6.044316496367039
43.45,-1.5328739074456679,3.83900449780299
43.50000000000001,0.203886184175589,8.344003462704485
43.550000000000004,-0.02449882284192184,6.952493587959355
43.6,-2.747736774280888,7.486572058745203
43.650000000000006,-2.080262695697601,6.5462093320762165
43.7,-4.288200896797603,5.194211192317345
43.75000000000001,-3.815588544411327,4.489132040396466
43.800000000000004,-3.332000027637596,4.078887506901452
43.85,-1.4762099336621273,5.947334986659541
43.900000000000006,-3.0023165489385035,4.3990980786801295
43.95,-0.40200709463040174,5.651770250337304
44.00000000000001,-1.2980877364773473,5.5446272890472725
44.050000000000004,0.2281703972905229,6.019961073719454
44.1,-0.16024250511775384,4.987056807870406
44.150000000000006,-1.6646556708258566,5.6480435881795925
44.2,-2.269857643922887,4.118711729889615
44.25000000000001,-4.083438281269495,3.960810225804421
44.300000000000004,-1.023968580588917,4.866623828956912
44.35,-2.012098054314352,3.8709490435167204
44.400000000000006,-1.3285611287084462,5.673765395149925
44.45,-2.1411502861019143,7.6462690363172925
44.50000000000001,0.4565263325718336,5.108607429090835
44.550000000000004,-0.78059489871809,5.986308528561545
44.6,-0.833198451829668,4.108879120022442
44.650000000000006,-3.1003190174106336,6.53410951918144
44.7,-2.2360696085288483,5.257885872620114
44.75000000000001,-2.931037757138467,1.7674046554883338
44.800000000000004,-0.6512399381517391,6.019164477081127
44.85,-2.2513397230868044,6.325247878808417
44.900000000000006,-0.8181102089471726,6.086051269296051
44.95,-4.707173903113526,5.312065589037872
45.00000000000001,-1.552355663728866,6.198502787564407
45.050000000000004,-3.4595062694544936,5.215960646935286
45.1,-1.6083826576127367,6.800146471808215
45.150000000000006,-0.7556807317472303,3.523311137642569
45.2,-2.6585982655858915,6.44422364218471
45.25000000000001,-1.8252597835138553,6.037086696810863
45.300000000000004,-3.707078954219936,6.410130001751204
45.35,-2.866639959707526,4.995333656271053
45.400000000000006,-4.631865031135994,5.872174876600988
45.45,-2.0469324688409234,6.231131720551181
45.50000000000001,-2.31971258792541,5.442916871967666
45.550000000000004,-0.3375031313885588,3.3360486213158036
45.6,-1.133562110760848,6.121386936657539
45.650000000000006,-1.8463325109849629,4.474915871340148
45.7,-1.0234070338911214,3.3732592132136388
45.75000000000001,-2.9878244681481334,6.335099342242086
45.800000000000004,-1.5597831455393454,7.559374246867327
45.85,-4.231064381812462,5.5043344685505575
45.900000000000006,-4.330205830593027,6.516746269823459
45.95,-0.40370680290963046,4.705139794741558
46.00000000000001,-1.6981173629121438,4.966834946825104
46.050000000000004,0.299623906479382,7.049837511527705
46.1,-2.0730205626644316,4.875505289062226
46.150000000000006,-3.8826947120492967,6.382640553006226
46.2,-3.1666097361031476,4.466292005576626
46.25000000000001,0.49789588753043845,5.657823259277838
46.300000000000004,-4.546192734831202,8.825897047140252
46.35,-3.0695276285477933,6.893681158201577
46.400000000000006,0.10576957407732324,8.34180104421603
46.45,-2.0504530016730587,7.8091106671842
46.50000000000001,-4.500048392140262,6.322524079421658
46.550000000000004,-2.266125019017242,3.629976048703561
46.6,-1.147036927255963,6.115698832327303
46.650000000000006,-0.21651657483392506,5.404296939531716
46.7,-3.2979193792245303,3.997524100525218
46.75000000000001,0.9681372927399268,2.617248276400179
46.800000000000004,-1.838303185327118,2.8970990174584883
46.85,-0.9691401920622331,4.968302314990792
46.900000000000006,-2.720925300959004,6.689526624114853
46.95,0.1102063114151075,2.0296506766692124
47.00000000000001,0.18654608089905023,7.104192773348853
47.050000000000004,-2.652063142773659,2.6157591111254765
47.1,-2.8924559597014987,4.846606030746639
47.150000000000006,-2.956011721864262,7.080433572093314
47.2,0.5352871492252154,6.478059401789098
47.25000000000001,-1.0142838385390136,5.730453356860577
47.300000000000004,-1.5033608929154143,5.325572133616449
47.35,-0.3287693302443424,5.940935186174925
47.400000000000006,-2.623354377524306,4.7609532361310665
47.45,-2.219738423889173,5.266281615403978
47.50000000000001,-0.42396785932003045,5.358856493788548
47.550000000000004,-4.154879551379714,7.706651057975498
47.6,-0.8426017960911569,7.137576892314838
47.650000000000006,-4.084768415345955,6.826069111615608
47.7,-3.1154589938570054,6.020513465981799
47.75000000000001,-1.2959522378060173,6.116903466558422
47.800000000000004,-2.096621749073631,6.66239570906455
47.85,-0.9244597461937955,6.070532876307718
47.900000000000006,-3.4498829859486713,4.750513268282994
47.95,-2.386520354165998,6.7950758657707855
48.00000000000001,-2.018186919394696,6.184478446161796
48.050000000000004,-1.3766385771286263,4.620827637673198
48.1,-3.0193006588101348,4.7903057662365836
48.150000000000006,1.6411212870362288,3.9473679710688194
48.2,-3.3401022795325286,3.0674595489653567
48.25000000000001,-3.2312565896534164,4.859552644025488
48.300000000000004,-1.978180605816858,6.6515426214297815
48.35,-3.5144902722142595,7.58284693818932
48.400000000000006,-2.595339738375956,6.2662450937156855
48.45,-1.3384481086626405,6.65153612391541
48.50000000000001,-0.9187242362421243,4.219223791774885
48.550000000000004,-0.968345903685597,3.106193757950309
48.6,-3.0396123697689372,4.657140936809386
48.650000000000006,-1.2274016741858336,5.584608125258238
48.7,-2.0600401910279524,4.73444520508975
48.75000000000001,-3.1233627899315772,6.898869447302463
48.800000000000004,-3.8676588000024426,5.962497014165469
48.85,-1.2166263945601625,4.417281392519749
48.900000000000006,-3.864753432452532,7.520234263394974
48.95,1.925806403611203,4.337930429373605
49.00000000000001,-3.0770185070314957,3.51878368771668
49.050000000000004,-0.386145920667158,5.702202790741782
49.1,0.05856095821589302,6.007394336561205
49.150000000000006,-0.21885576486529845,2.8096312103356924
49.2,-0.07831564278254377,5.247379762820412
49.25000000000001,0.09050170706284377,2.6729840789156953
49.300000000000004,-0.4264670699015012,5.580949302613832
49.35,-1.6650650626315646,5.040355451894168
49.400000000000006,-0.9808259384838716,4.508266882151762
49.45,-1.1223575752858794,3.7486519518005474
49.50000000000001,-2.808520928597739,5.109299457211991
49.550000000000004,-1.2190373159640513,3.7850206192183262
49.6,-3.776219719835673,7.645440645522266
49.650000000000006,-2.4822808202957996,6.380994208797274
49.7,-3.6435799788781607,8.025870354608733
49.75000000000001,-3.077223950205597,5.966951903955756
49.800000000000004,-2.833456800297805,6.540586952785129
49.85,1.4766027781333542,9.402233970460593
49.900000000000006,-3.549487160474592,2.8082866587258613
49.95,-2.1675787498906947,2.204179938991361
50.00000000000001,-2.4020958596729103,3.78151434629003
50.050000000000004,-1.7743760261206007,6.867224421983401
50.1,-4.380033756253496,3.236458384059035
50.150000000000006,-2.6595868594859025,7.8677028213487645
50.2,-3.5264936378724254,7.3462318114875975
50.25000000000001,-0.17489368143816897,8.87772573268849
50.300000000000004,-1.5672987832990004,2.2744974912543396
50.35,-0.05874735770055284,3.9921885589392367
50.400000000000006,-0.7852151599488748,6.573037348105737
50.45,0.45573217226955154,5.193245364274136
50.50000000000001,-2.771555255092868,6.682214247670846
50.550000000000004,-3.5629177625751147,3.710124730759769
50.6,-2.4582263876864756,6.044056654003192
50.650000000000006,-1.523342194315189,5.5480771962374105
50.7,-3.313050900845057,5.5275837495424405
50.75000000000001,-1.0412795979570877,7.2546908685994165
50.800000000000004,-2.825114664406115,4.5571147467719175
50.85,-1.254502155688844,5.875049595931323
50.900000000000006,-2.4408817196352093,3.4413908154702204
50.95,-0.07797629557081032,5.111630642702311
51.00000000000001,-3.1015421475624665,2.850915612695691
51.050000000000004,-2.0256100379066058,4.354842281161224
51.1,-2.743672060773788,5.469543534612593
51.150000000000006,-1.4204754360695095,6.748701742802072
51.2,-0.5988336138942618,4.897144747233047
51.25000000000001,-0.9573658471774877,5.435664759441638
51.300000000000004,-2.7351134868860596,6.965255432332428
51.35,-0.42610614013794734,2.9671786280475643
51.400000000000006,-1.1280309415947956,5.324194169625423
51.45,-1.7009150639859703,5.302988010098667
51.50000000000001,-3.008498210181714,7.018025810380651
51.550000000000004,-0.6840076490849685,5.283813550367702
51.6,-4.0525503089142365,4.028892563934022
51.650000000000006,-4.745632111900835,2.5123273021074866
51.7,-2.496077319396554,4.387873775471396
51.75000000000001,-3.870418397193504,7.122817877766864
51.800000000000004,-1.3737628660659886,8.283102796978161
51.85,0.6177460939094928,7.477898562689277
51.900000000000006,-2.6120139773315367,4.092427328742247
51.95,-2.2032615850180552,5.392912747306973
52.00000000000001,-0.6910459439231724,6.839299490116924
52.050000000000004,-4.2713245708049685,4.692305407413973
52.1,-4.114960852123886,3.9694715559875853
52.150000000000006,0.9343553193835572,5.256415264080331
52.2,-2.608766097308675,3.9305381150987855
52.25000000000001,-2.152339538688118,2.8731980119597322
52.300000000000004,0.14206207977862673,4.024177187884602
52.35,-0.6581184951745034,7.544690663376308
52.400000000000006,-4.594840066270556,6.549890831603308
52.45,-0.06439430102265353,5.798205597349666
52.50000000000001,-2.5250638427767687,5.096280654534876
52.550000000000004,-2.999496297490313,4.6425557013776615
52.6,-4.329665331111362,5.1776487525212005
52.650000000000006,-4.77211486731764,5.724802012522481
52.7,-1.6864303031420431,8.099207749025041
52.75000000000001,-0.5501184189810371,5.545241905899852
52.800000000000004,-4.386759331080555,5.215615409801204
52.85,-4.18098201026283,5.974969581259666
52.900000000000006,-0.5294064991657681,7.051665125816731
52.95,-1.326229940745844,7.797264075745758
53.00000000000001,-1.0935802801863308,6.0554359198158245
53.050000000000004,-3.1093384541200635,4.209884848829254
53.1,-2.515740784012987,6.0119031961729
53.150000000000006,-3.900093748155917,5.288835056549433
53.2,-1.0760128687491612,4.318267796297764
53.25000000000001,-2.4891413008641843,3.2712176998335813
53.300000000000004,-3.085343733031057,6.615151992460201
53.35,-0.7792883046360979,6.4943969796177665
53.400000000000006,-2.649079721469858,5.346205325027614
53.45,-0.6097630213904839,4.269897054360281
53.50000000000001,-2.3332492820057147,4.94235559864206
53.550000000000004,-1.563502131827649,3.8676268184256983
53.6,-1.3968462462037428,4.495986945383345
53.650000000000006,-0.7409973101554137,5.183514629620043
53.7,-2.4154702686022365,5.454498131489825
53.75000000000001,-0.2754702470635697,5.247405615067899
53.800000000000004,-1.0171853727312559,6.224203270092087
53.85,1.1575884573070379,1.87470108287288
53.900000000000006,-3.618584778641738,8.530458306321568
53.95,-2.4391903301706335,8.088911673000206
54.00000000000001,-1.140774458244278,6.005181367064067
54.050000000000004,-2.211155035298383,3.2364086929475486
54.1,-0.28683911338156665,6.521626801897931
54.150000000000006,-2.4685279147513315,1.7995008698177641
54.2,-2.3213906027492563,7.486208231559873
54.25000000000001,-2.144617766654058,6.757089353909628
54.300000000000004,-1.9895394039468797,3.34530531338185
54.35,-1.6819182578848855,6.424353162211618
54.400000000000006,-3.752886990887607,5.213562810033383
54.45,-2.485432841969348,5.608119555638383
54.50000000000001,-0.22808501655780256,5.019572458098606
54.550000000000004,0.5851666248958989,5.75741564718834
54.6,-1.38142174895474,6.937558146110182
54.650000000000006,-4.127239591038328,4.177374827880844
54.7,0.32980370405699966,0.7829849140880718
54.75000000000001,-0.09609564706531937,7.807778625128804
54.800000000000004,-1.8728772057670933,2.3096653181177866
54.85,-1.2314460728738612,6.0339761424434215
54.900000000000006,-0.14934805165910725,5.408771004331429
54.95,-0.5389493973840753,5.8787749777758975
55.00000000000001,-0.0934848523409555,7.10844979589025
55.050000000000004,-3.8775951280807046,5.363142490995223
55.1,-3.8196555889767865,6.028873460318209
55.150000000000006,-2.3046009813733503,3.9040739628209975
55.2,-3.2009115466764397,5.693213256841411
55.25000000000001,-0.42436963999118604,5.2285902654745495
55.300000000000004,-0.7598497298348024,6.373235991129133
55.35,-1.9060105784507608,6.502486088334894
55.400000000000006,-2.9286429974074895,4.812965717411787
55.45,-4.3250756905439856,3.4437660022048284
55.50000000000001,-2.7362910180384348,3.582852754154693
55.550000000000004,-4.04178199723253,4.097576346438236
55.6,-2.885675970175962,5.699703611942839
55.650000000000006,-2.233185363007207,4.225702625525959
55.7,-1.8283210891350155,5.500719715977923
55.75000000000001,-1.0584906910508554,7.121059344806991
55.800000000000004,0.029969934037412882,4.634446396005378
55.85,-1.4024512249666397,6.345518182323776
55.900000000000006,-4.967030951367985,5.05234239675536
55.95,-3.0231423402370496,4.802342695628406
56.00000000000001,-0.611355134164534,4.643427345726714
56.050000000000004,-2.083991496795158,5.424401223700251
56.1,-2.5587143487930817,4.616556170291954
56.150000000000006,-0.3472968805116834,6.935707681414531
56.2,-1.968331398337961,5.308528339453854
56.25000000000001,-0.36120646514560883,6.3224798029116105
56.300000000000004,-2.2830295140941725,7.749510423668876
56.35,-0.8349847304701494,6.110657224329127
56.400000000000006,-2.3828489281187504,3.00938329215195
56.45,-1.0517118989237206,3.4271946503428925
56.50000000000001,-1.1631365834015672,4.781389267166657
56.550000000000004,-1.9879359186608758,6.669382875143923
56.6,0.19163409014449218,4.870094006112201
56.650000000000006,-1.850256232283327,4.902625957867132
56.7,-1.257732401921254,6.016546889679137
56.75000000000001,-0.3548913454614657,5.416326358585858
56.800000000000004,-1.1744427673203828,5.375716907938335
56.85,-2.2243004439269805,5.020245780305328
56.900000000000006,-4.014573682166992,6.9970914787332275
56.95,-0.13543563548963888,5.226212379339676
57.00000000000001,-4.953879254746655,5.837141559434405
57.050000000000004,-0.9252590405617276,6.08859669147317
57.1,-3.6512720313526,5.8325096033500134
57.150000000000006,-1.9192945183360475,5.795496204622467
57.2,-1.9426582152684029,3.765838085589054
57.25000000000001,-4.4793038968929855,8.760965021055979
57.300000000000004,-2.7942062659914195,6.121221448009402
57.35,-3.7344225104071453,3.5084230211366347
57.400000000000006,-3.427052576003196,7.792199236282411
57.45,-2.1264603712256367,4.9963796827067135
57.50000000000001,-2.5291602834939124,7.552581855418348
57.550000000000004,-0.7133807090054451,6.789452038838251
57.6,-3.3447675705845263,4.920960715885825
57.650000000000006,-2.9974227284753363,5.4352650887527
57.7,-1.761054923427679,4.163638267408009
57.75000000000001,-4.603191316888426,2.4644242872631654
57.800000000000004,-2.070794035512466,4.030517516786997
57.85,-2.1881663629198416,5.436573534768769
57.900000000000006,-3.249130484751456,4.816345599104989
57.95,-2.643395060395625,6.4456081169696935
58.00000000000001,-4.279575360648765,4.872153724734217
58.050000000000004,-2.989843076774359,3.629196348274169
58.1,-2.4093660049379535,4.059481435537048
58.150000000000006,-2.521554166106521,1.773183522648785
58.2,-2.921477886924034,6.6514182909727015
58.25000000000001,-5.041165039828531,6.102536605480444
58.300000000000004,-1.6181404865800884,5.712731344185881
58.35,-3.6600868507989572,5.528882738402144
58.400000000000006,-2.188991413884342,5.942277187097262
58.45,-1.7476377497927018,4.392667979546168
58.50000000000001,-1.213752138399838,3.3484022282779895
58.550000000000004,-1.9857213345399494,5.4306088004551984
58.6,-2.668390370462326,4.600617928162487
58.650000000000006,-3.305985687367343,6.0362270556509365
58.7,-0.25842710623545195,6.375755029056208
58.75000000000001,-1.7277151140608935,3.5803491263279295
58.800000000000004,-3.541487786395763,3.0090671843928676
58.85,-4.6233063068680345,7.253582556884835
58.900000000000006,-1.1242922784737437,3.554177048461834
58.95,-1.3876969980644593,3.6143893812868924
59.00000000000001,-0.194652538394686,5.350048981115782
59.050000000000004,-0.1804565904467781,3.2998943636934097
59.1,1.5690684147476934,5.905777594232949
59.150000000000006,-3.748019114703185,4.213891775332823
59.2,-3.6486837478779277,7.340152870904562
59.25000000000001,-4.068198541916541,3.013007760591611
59.300000000000004,-2.7035697839048938,6.438747844180777
59.35,-0.6655397177570481,4.740867002927936
59.400000000000006,-1.2028092731573587,8.485024916012788
59.45,-0.35737778244231544,4.682519930271387
59.50000000000001,-3.863362775132301,3.7772524898375766
59.550000000000004,-1.8348486170647447,4.4821270811910505
59.6,-1.0931166320964685,5.422426952670036
59.650000000000006,-1.5849790119046614,5.016665948308554
59.7,0.005155430925532611,4.344199966027492
59.75000000000001,-3.074157961047371,5.200518444185414
59.800000000000004,-0.8850869295216492,5.581318376953284
59.85,-1.584191844152798,1.6558466191726637
59.900000000000006,-1.2040050081625304,2.9741009376778
59.95,-4.183810928195218,2.85124947513239
60.00000000000001,-0.5622250530150339,6.572271499054855
60.050000000000004,-0.7322073548197976,4.944724277709813
60.1,-1.620261085506761,5.027565937281278
60.150000000000006,-2.3383619682194006,7.53930697258665
60.2,0.5477533001869668,3.6710430469713775
60.25000000000001,-2.1127337898836354,8.573610566331018
60.300000000000004,-1.201094271360044,4.9671905869860655
60.35,-2.648465747130415,3.1559927902687943
60.400000000000006,-2.080095337112254,3.995096212780703
60.45,-5.6800950050783054,4.911793700151122
60.50000000000001,-3.297930676134505,6.172619178359906
60.550000000000004,-0.04701627577065004,5.001438048623655
60.6,-2.2848805412014785,4.015516473699634
60.650000000000006,-3.7514050445448186,3.71845050246187
60.7,-4.15108210912659,6.36579312203957
60.75000000000001,-1.2896829036472068,5.162118465290052
60.800000000000004,-3.3529072720496966,5.780474764486689
60.85,2.057274739618176,5.095288363555804
60.900000000000006,0.02200645756711972,3.128235935726996
60.95,-0.19071146276393658,6.843848149043716
61.00000000000001,-1.6273643979426515,5.51762443107542
61.050000000000004,-3.4996422191201733,7.64388437948932
61.1,-1.3836672088093935,7.948585454590589
61.150000000000006,-0.8602468607983447,5.564581992022727
61.2,-1.960530048829908,4.982860078752434
61.25000000000001,-3.027947999075713,1.5526049936185462
61.300000000000004,0.594814324298506,5.324173092514574
61.35,-1.2001492388214243,5.120343847263077
61.400000000000006,-2.421205681091526,7.517767323259541
61.45,-1.6510356573356388,4.42599689844717
61.50000000000001,-0.83642509127898,7.005203288048833
61.550000000000004,-0.21388057504125002,4.268624624501211
61.6,-4.64259440653196,4.749317665927005
61.650000000000006,-3.9818696375157288,5.771957072997628
