s,lift,drag
0.1,2.4311117929894834,0.8081340068543792
0.15000000000000002,2.161422247461501,1.5336084165337325
0.2,0.9229980682470766,1.860126769441711
0.25,2.936238048799888,1.797020928784392
0.30000000000000004,2.51756545570119,1.5720638358245405
0.35,2.046530220432663,0.3797398123157608
0.4,3.507881978770058,2.30519112351801
0.45000000000000007,1.4486246595393675,1.1565962936448964
0.5,1.2896693897043983,1.9840874769093675
0.55,2.1300582593084916,2.232348912960915
0.6,0.43100339336333937,2.532659569369401
0.65,1.636942578947338,2.0984268965405883
0.7000000000000001,1.8304730181833946,1.7144255638342512
0.75,2.9736969967892373,1.355778198075179
0.8,0.8594106887958267,3.070029899961868
0.85,1.7977013148632162,2.243555395560057
0.9,0.9773067966160869,1.223308267371693
0.95,2.6327726938763463,0.6147853496060405
1,2.169456254895823,2.582980740577829
1.05,0.2676373523517609,2.4348155858080514
1.1,1.1890785825627814,3.1059030943722994
1.15,2.8837964297754652,3.113888315092997
1.2000000000000002,2.4035032582969107,4.097996130514886
1.2500000000000002,1.713073473226495,1.107134395198768
1.3000000000000005,2.1051637891234543,1.1630105390379755
1.35,2.0031828279315977,0.9270334673912557
1.4,2.4784075741456832,1.6946371437728072
1.4500000000000002,2.3865944070561493,2.84102905598097
1.5000000000000002,0.8119516057395744,2.5388149310682953
1.5500000000000005,2.5693955245883418,3.014370144595507
1.6,1.5864969513933267,1.0422535862073907
1.65,2.871956796633099,2.183292800120391
1.7000000000000002,1.9907400051652238,2.600517041665046
1.7500000000000002,1.609411473049872,2.3238444530229376
1.8000000000000005,0.8082749789724943,3.2182950771149224
1.85,1.6205391029965561,1.4861812941301635
1.9,1.8809512238804367,2.717533749363382
1.95,2.0029351630911023,2.3242872348833608
2,2.198643925297673,2.5381423301278865
2.0500000000000003,1.8583151136136031,0.8620015001094998
2.1,2.451119671802227,2.8991435548983526
2.1500000000000004,2.784551311224377,2.803528510133173
2.2,1.5947492190497559,2.3039982866217565
2.25,2.1978936817987806,1.9000665400958971
2.3000000000000003,2.122037159301354,3.5235063785744782
2.35,1.1813713293974182,2.0269823904097644
2.4000000000000004,1.851703076017062,2.539779619579285
2.45,1.6160986597162945,1.7256331644584513
2.5000000000000004,2.7944932165722998,2.0453415200936664
2.5500000000000003,1.6964613532885982,0.02034170686276298
2.6,2.0220814781097247,1.360309141893651
2.6500000000000004,2.154388197640089,3.1889484920983193
2.7,2.703558563611518,1.9301498427934778
2.7500000000000004,3.0605836674997358,1.1052298096628497
2.8000000000000003,0.22779249567441462,0.8804114608356024
2.85,1.5902607788644048,2.489948513917756
2.9000000000000004,1.7049014700977663,1.3293848066913554
2.95,0.8789111860701073,4.372612188254534
3.0000000000000004,2.5248814874112644,3.227773779600814
3.0500000000000003,2.273858012819972,3.1081199494145957
3.1,0.8251743194082836,2.300002673376568
3.1500000000000004,1.0882323281768986,1.246846398964212
3.2,1.8512242109948773,2.437082342264026
3.2500000000000004,0.8228010626789859,2.731506288020241
3.3000000000000003,2.127709168388674,2.1125969947524856
3.35,0.6360128243837956,1.5121743977392212
3.4000000000000004,1.3796219691018292,3.5499782046372195
3.45,3.023483448967251,2.5403112003822583
3.5000000000000004,3.878093971716101,1.8534669516053266
3.5500000000000003,2.3415830898133767,2.2866875899680132
3.6,2.530691126513146,2.7449060333748836
3.65,3.238809072468934,3.095087323758606
3.7,2.1338923717039373,0.6039357935450823
3.75,1.0832783902292524,0.9755934761167124
3.8,1.5294532687675426,2.582057033172091
3.85,1.3043606847940832,2.697861782452974
3.9,0.90953405562192,1.446786226489088
3.95,0.31112393171544184,2.497410376680214
4,1.8735460202657515,0.7637303035698717
4.05,1.4776161419146252,1.802913414618387
4.1,1.9471712378922366,3.0581188003015325
4.1499999999999995,0.7081126796884734,2.2972079578702527
4.2,2.355097230139334,2.831626712485698
4.25,2.0093503483935633,1.3600089036437875
4.3,1.3427261938041961,2.3112479521605547
4.35,1.720315714632803,0.8958084904166226
4.3999999999999995,1.5362180122396851,2.2148080841178435
4.45,2.0015520565925877,1.329881143565406
4.5,0.7876577734907017,0.708857914499951
4.55,2.1791941238455497,1.4434259963277358
4.6,0.9340817873669204,3.8491790529515493
4.6499999999999995,2.5446651704892798,1.7762016067137063
4.7,2.8172522111434724,1.7804248705742483
4.75,1.4530545716070722,1.7444646735593077
4.8,2.5166309888290623,1.5975580206468338
4.85,1.8087308069831425,1.5288246266698502
4.9,0.020250840088737083,2.227409027775591
4.95,2.0037919259531636,2.057845896615482
5,1.0043443231026776,2.7899622888179483
5.05,0.8711431196831714,2.7605663724961254
5.1,2.9260272898907536,2.5684217337119457
5.15,1.6130231394596843,2.080932020636906
5.2,3.2651561940386205,2.3926795485109102
5.25,1.3643349009438632,3.132899827279121
5.3,1.6138607795684772,2.100252793440614
5.35,1.7284396369804544,2.227812987219769
5.4,1.3807312474003552,0.6749452022239438
5.45,1.306210086645799,1.3068577559703334
5.5,2.1451995850957184,2.5142493866604285
5.55,0.9026900078353968,0.9321687393551922
5.6,2.61325344340967,2.137937581427706
5.65,0.11925138260762247,1.8857947026039827
5.7,0.7242822411753519,2.90647846893505
5.75,1.000475484834257,2.5604565744484535
5.8,1.559683645392354,1.7423842528753104
5.85,2.0213943056965697,2.9889213108821973
5.9,0.3214295200287839,2.447736771399585
5.95,1.6166376157651547,2.241532733394095
6,1.3974367087834634,3.187197530833127
6.05,2.8706371377334547,2.4415111253974207
6.1,2.692323884994799,3.1593787864172866
6.15,2.0758883023317205,2.062971465391555
6.2,0.9995310203270535,2.730089888110395
6.25,0.9489840104301959,2.9615285493665953
6.3,1.2489461743313952,1.6338203264769282
6.35,2.638532626739435,1.9478437385760259
6.4,2.8229511064584383,0.9579601160968912
6.45,1.9039184713602915,2.1010663401037144
6.5,0.833396595999226,1.586938478196279
6.55,2.148341402844066,1.9414729970322508
6.6,1.2490405971095315,1.6823449794983674
6.65,1.6944930012951942,1.8741391398218963
6.7,1.2506077260395574,1.7528408228764027
6.75,1.7681262184445412,1.6714517734661074
6.8,2.040183465586521,1.8248438634773354
6.85,1.6917022804587967,3.3440302159159767
6.9,1.4613771902012513,1.3929803146886106
6.95,1.6823915497953779,2.9536439321772012
7,0.7093611438585394,1.5175018934199709
7.05,1.2441867628635537,2.4528453350522534
7.1,1.3313051484981224,1.4244078877622508
7.15,1.9113518670748557,1.2852551183192609
7.2,0.33128655372149723,2.568986700682899
7.25,0.8771362406932617,2.0257118938128986
7.3,1.8150707653878686,0.921973393899564
7.35,1.4314536281107704,2.805405726575011
7.4,2.1867770749659883,1.7007947198401712
7.45,1.4365021806688159,2.3115947930615315
7.5,1.7199623497758858,2.4971930529630706
7.55,1.8888623564124543,1.1700693092520182
7.6,0.9227395655578714,1.6229147752851336
7.65,1.385712388495995,3.5174497810036915
7.7,1.5707850504119034,2.7157639329099563
7.75,0.7807212748853682,0.9812447464054171
7.8,1.6607689987441618,1.9274684395053945
7.85,1.478521236473202,1.2268873304593175
7.9,1.9708232370624206,3.07437088749573
7.95,1.3049785380060286,2.187249216338554
8,1.4653804365940437,1.9475422966790576
8.05,1.5860269838025176,3.0459729372127677
8.1,1.7983490440631098,3.131012421112844
8.15,1.6057263429192785,0.25751243638519816
8.2,0.8931795207117599,2.746465871445542
8.25,1.7928623006806297,1.8556403546704696
8.3,1.5201352986707688,2.7895101776395954
8.35,1.9152166583229133,1.482799641290459
8.4,1.34204344503746,2.72280704478037
8.45,2.110499697460888,1.4625494038624174
8.5,3.405609163277047,2.45893665259928
8.55,1.7119968956900098,1.1500781300525413
8.6,2.855884926020007,2.2580708919696866
8.65,1.6730675569410813,3.9539570499065184
8.7,1.4962498611341526,3.216983998316133
8.75,0.4167031364752531,2.942894514826247
8.8,0.7255417732526799,1.3147600233998746
8.85,3.2367749215951997,3.299223935673137
8.9,3.7177978405839474,2.9174778795292964
8.95,1.4484280216043157,1.7291657695779892
9,1.5090429716355795,1.913082190907916
9.05,0.6830258045395742,1.6790209977083757
9.1,2.4893953537827596,2.8918107174159338
9.15,1.8324404558694498,1.463614804102387
9.2,1.4652862787808307,1.9042468587415344
9.25,0.6671796018936489,1.2418358659055229
9.3,2.611056415438849,2.8053417305608845
9.35,1.8973139016186602,0.9237018512421282
9.4,2.176899880117049,1.1574400766249384
9.45,1.7992477758578362,0.898114898241252
9.5,2.726175118246127,1.6600289636397831
9.55,1.6689355642516177,2.4356923577687395
9.6,2.1526042382929615,1.0434808362035843
9.65,2.0913435608831987,3.443359048258588
9.7,1.3282805899353787,2.3673997120365997
9.75,1.2857461205853131,1.8148077355315588
9.8,0.2030620571676176,2.2427558921876996
9.85,2.893510753516124,2.540860910340243
9.9,0.8475783462897294,2.338763291536652
9.95,0.8578622071288047,2.4076003037504767
10,1.5331091482968564,2.1970053967394474
10.05,1.3057717710756473,2.5135042213117265
10.1,2.5405026279568275,2.0943728071936434
10.15,1.847740861022266,1.994399896253297
10.2,2.324040107426458,0.9263585965167445
10.25,1.2649175555716452,3.225058692008695
10.3,0.41263548991186827,1.694438103916911
10.35,2.5802387498802015,2.9002263413129885
10.4,1.0204198012935914,1.6925045570992754
10.45,2.721461250552623,3.2605567954819072
10.5,2.024884760951794,1.4300128882160077
10.55,0.668065653688283,1.7667876675422682
10.6,1.8122417500917325,2.120910810888997
10.65,1.3790827086149329,2.2267180089585747
10.7,1.3623704792890172,2.7766492595454313
10.75,0.8694422148113119,3.545996335495775
10.8,1.6261663372227957,2.8978482194067667
10.85,2.5699825590391123,2.105613999015213
10.9,1.701894302824888,2.1194532255584586
10.95,1.0186663725054124,0.655387334881792
11,1.5008557522480332,2.6323211789224934
11.05,1.4332479835307939,2.7486307440000872
11.1,1.730597525437671,3.48800592290121
11.15,0.7019618579225739,1.6793433040290657
11.2,1.7553307383970913,1.138353843819644
11.25,0.9707332022083753,2.2356166093417675
11.3,2.680209306175192,1.5037045691068949
11.35,1.6372016026149052,1.1762085858693716
11.4,1.429492631046343,1.507761994536999
11.45,0.47296795332482267,2.0859571351609794
11.5,3.0508662865115848,2.5524860467927954
11.55,2.0106464332167864,2.637125897133976
11.6,2.0121071194347895,2.902349802343362
11.65,1.2710733601698068,2.0892112543152104
11.7,1.7047826680689977,1.1845984056624708
11.75,1.0923217929672429,2.444415305687513
11.8,2.5705707639020714,2.42085284731788
11.85,1.949331759957773,1.7818818645709065
11.9,2.799530672674029,2.0094609665320644
11.95,2.401073911728323,2.0450988027546644
12,2.1702040476463074,2.470338239226165
12.05,0.41899389081862737,1.1300508874722028
12.1,2.7028325640552864,2.293003949280578
12.15,0.9500471623779085,3.281254527251776
12.2,1.813735689310859,0.8223701686929175
12.25,3.77177899318254,1.6656109572849571
12.3,3.3058091812613415,2.9511560777380055
12.35,4.558763237719931,4.470040900458952
12.4,1.4169565137594535,1.7914285898218485
12.45,2.02707755890497,2.841122922796183
12.5,0.5016866598151566,0.8419093222987064
12.55,0.6193387051491244,1.4372536073501063
12.6,1.8709538403293222,2.2220841063280155
12.65,2.072762108898868,0.7725434210771517
12.7,3.186155588316537,2.6978623809596094
12.75,2.493105497266641,3.5257398929413957
12.8,2.9096042515621185,0.7477030091200653
12.85,1.6576240210073119,3.4239004502846573
12.9,3.333722240532034,1.2383695563545785
12.95,1.2122028955939028,1.1695113761775229
13,0.21147828078443565,1.1835743626688757
13.05,3.460242221710352,2.3124128570107123
13.1,0.05287640063343216,1.8607669858161342
13.15,2.495770323970299,2.140785788026533
13.2,0.3218547541080477,1.9502311212014156
13.25,3.32929830869625,1.4968476763851157
13.3,1.2502875257508088,2.4859862835586615
13.35,0.7146083351870824,1.4167346778822705
13.4,2.094846159958061,1.9506229576255782
13.45,1.3701187204695713,1.7280469169279682
13.5,1.437965169999845,2.909107859173002
13.55,1.3303921680875588,3.2929021963212426
13.6,1.8914298063569521,1.747028739783694
13.65,2.2746941890970978,2.8368027190866894
13.7,0.9615111913172987,3.7036375274023365
13.75,0.6302474397083085,2.6281456841554642
13.8,3.17614467574021,2.6233387509950195
13.85,0.6124370790084106,2.93348305011022
13.9,3.384198943830654,1.9355848731718308
13.95,1.3557131284477357,1.3504766086063613
14,1.9846647252043847,2.850949693110896
14.05,1.5909196475290723,2.022240994287236
14.1,2.1659168788332495,2.241741278070978
14.15,1.9034557139442863,1.531180092866645
14.2,0.8555296977371574,0.2484062010232048
14.25,2.0443435329406263,2.78861997563844
14.3,1.479254083214865,2.433759906656391
14.35,2.2440733784256484,2.036784426537804
14.4,1.309430935755338,0.8997151975282192
14.45,1.8384395954522068,2.2209096151771135
14.5,3.535317400754608,1.6109891038341297
14.55,1.4503246726307313,1.635875062863079
14.6,1.2043684789594218,2.943039264431337
14.65,1.9377630902323955,2.9343893991182255
14.7,1.6617125512779705,2.502706502149768
14.75,1.0036782769685546,1.9357052177598004
14.8,1.1951547247142276,2.2642646192262657
14.85,3.0390834922173973,1.9249303097245514
14.9,2.8457139924090944,1.4482441090228648
14.95,1.8868097227903102,1.838576854592199
15,1.2427648423284055,2.3717459980893962
15.05,2.6974766760911697,2.343877142501357
15.1,1.88281303423451,2.327988057201898
15.15,1.6112879791544987,4.167626071363386
15.2,2.4791319185195344,0.43498856812760683
15.25,2.410243555677945,0.7934956306662507
15.3,1.8537064696825634,2.6879344590916805
15.35,2.3915896879118117,2.185990654049613
15.4,1.7670150986592486,2.41531361063264
15.45,1.3795716913428162,1.4657711753310687
15.5,3.175393178538733,0.6519861253703009
15.55,0.16278139986282988,2.3261095598026467
15.6,1.8122596263638466,2.5793555517806173
15.65,1.3117651610834726,0.6646287826251007
15.7,1.3802243414910975,3.180186603081607
15.75,1.7976792638911916,3.343125193077589
15.8,0.9567318819205868,1.9830176348833692
15.85,2.317556887262885,3.120651865340529
15.9,1.0429729865573214,2.1023165285759826
15.95,2.868288518047091,2.268522973829361
16,1.336757094358065,2.704651776351804
16.05,2.7717275987754872,2.1251619273466074
16.1,2.0366952916001493,2.8772533342230187
16.150000000000002,0.49835743319511105,1.7537348728647033
16.200000000000003,3.034442318693928,1.0862935900897877
16.250000000000004,3.1034258535878205,2.3105712913870775
16.3,1.4251311640534738,3.922987970702006
16.35,2.7927502770879533,2.5373385351104414
16.400000000000002,2.3412519827648226,2.3660346775273284
16.450000000000003,2.5095189121852224,0.29220511877107935
16.500000000000004,0.42413090702539535,1.7160036921288904
16.55,0.554421620320583,2.994805788185357
16.6,0.6294350327826674,1.8785090435164369
16.650000000000002,2.6063121390805755,2.067164932980273
16.700000000000003,2.159190068054897,2.1152544214853823
16.750000000000004,3.2746155925317075,1.7083315772775194
16.8,0.7704095841498865,0.538278122512095
16.85,0.9090697808293451,3.012618885806477
16.900000000000002,2.309427944149035,1.5913013469335446
16.950000000000003,0.7903076507469611,0.9163179361572227
17.000000000000004,1.619588685869998,1.613302277892177
17.05,1.6335001848348827,2.203052713016607
17.1,2.521944771002625,2.0948210873074813
17.150000000000002,1.0785317858502013,2.1574336460074712
17.200000000000003,1.9635405963184132,2.836250215804706
17.250000000000004,2.46017816063428,1.5804203648099229
17.3,2.0712219694426777,2.135859173259628
17.35,3.017889757276364,1.1290275232901936
17.400000000000002,1.796222504281063,2.3676282592702025
17.450000000000003,1.5371126862205586,3.344284586086422
17.500000000000004,1.9412706073024406,3.155746303928095
17.55,0.9603530152107287,2.9345334012028843
17.6,2.1573224080058573,2.876334309425257
17.650000000000002,3.1536260944392174,2.9544107036442595
17.700000000000003,3.0876942039815445,3.361134041801604
17.750000000000004,0.8559741348190449,1.2231903458470939
17.8,1.0900146711146281,4.759219087040563
17.85,1.4692404245681407,2.453252419917007
17.900000000000002,1.884916837402213,4.420401631923475
17.950000000000003,2.028151736158075,4.014510131081559
18.000000000000004,0.28657242402747113,3.0583690739199403
18.05,1.5140609310459858,1.5917764087489585
18.1,2.451686334826694,2.6550603096802
18.15,2.61446944139215,2.1161096324272
18.200000000000003,3.1605919828080937,2.1215803814268694
18.250000000000004,2.1577567650924143,4.579963338632945
18.3,1.115590187466028,2.5193750682830123
18.35,1.8649664518529012,2.2232296698353133
18.4,1.9518519208653542,2.2734922396109107
18.450000000000003,2.2399969580254,0.6099573545964732
18.500000000000004,2.564002404524874,1.4871143080748783
18.55,2.3077248146710714,0.8506724585599297
18.6,0.23623945737123173,2.7664833630126098
18.65,2.647540933916952,2.2263096369748405
18.700000000000003,2.8194673788337643,1.2386925966866023
18.750000000000004,2.7898450001940622,3.4945161147001125
18.8,0.8688309956322466,3.0194174467831676
18.85,1.323497237045333,2.597779033677461
18.9,1.809941040416419,2.733091045308559
18.950000000000003,0.8141734818071413,1.2369641549802823
19.000000000000004,0.5615941938791912,1.880129068108746
19.05,3.0981385013663854,2.569529896163897
19.1,1.26188869262119,1.2665048576420888
19.15,2.2594234245723244,4.480566222383674
19.200000000000003,2.3435769778954088,3.311416657528249
19.250000000000004,1.6162615359069754,3.1430429617918696
19.300000000000004,1.7566627191445703,2.2386795579445806
19.35,0.22916052310785176,0.9972434300801343
19.4,2.0417136160426996,3.1345059901291146
19.450000000000003,2.8349624708516834,3.39699165109525
19.500000000000004,1.6208550158659536,2.461204405670017
19.550000000000004,1.9760929022507712,1.774332409858662
19.6,0.9947937308694703,2.699057363725445
19.65,2.704450249367388,2.5925158772539794
19.700000000000003,2.304452936845836,1.5270680957563794
19.750000000000004,1.0146167963620953,1.6784555126144889
19.800000000000004,1.910611030074692,2.3784047159179877
19.85,1.3871866617974362,3.030440628942894
19.9,2.6885361514173356,4.100294310350007
19.950000000000003,1.0394770543890737,1.2524028136371432
20.000000000000004,1.7511575615328359,1.7101683332761364
20.050000000000004,2.2983634009713665,3.334404456794646
20.1,2.333833952437966,2.284077340994978
20.15,1.2384538721626717,2.727521564443938
20.200000000000003,3.0960043062263605,1.4506902299201239
20.250000000000004,2.8851248953953927,1.9121902195325573
20.300000000000004,3.2545779584946737,2.4672755855774584
20.35,0.6084754046858255,1.4012750932906348
20.4,1.5919247660286837,3.216659708884048
20.450000000000003,1.4962672733171323,1.1224965043770112
20.500000000000004,0.8566633070874863,2.9019445770659544
20.550000000000004,0.36195385918939116,2.3323945648622493
20.6,1.5708391574795098,1.0835633381528331
20.65,0.9528519163369534,3.6325333158942943
20.700000000000003,0.9026077594817383,2.3428318333698117
20.750000000000004,1.8243620717169393,1.8611508079951866
20.800000000000004,1.018074056394978,2.6810088183280154
20.85,0.4641191470119945,2.031263989468978
20.9,1.7252194305910908,1.9549363691389037
20.950000000000003,1.4289423954220748,1.616308021961044
21.000000000000004,2.7758657196987775,2.682602361280181
21.050000000000004,1.1008658092964423,1.2903049583244828
21.1,1.358797689254865,2.3171953268511016
21.15,2.4769441200485387,2.0439182228771045
21.200000000000003,0.6033256304505525,1.9046907060516791
21.250000000000004,2.7246133927197507,2.7647284040774327
21.300000000000004,2.2451130680132865,2.548142829318591
21.35,1.6746008243507178,1.9805910622443974
21.4,2.7158982778068097,2.6361912458361494
21.450000000000003,2.590783378986386,0.7985556292236773
21.500000000000004,1.8492247642754165,1.3808099538108989
21.550000000000004,2.1792945686185163,2.264802669310571
21.6,1.6243548827303718,3.4747578695369734
21.65,0.8273819440653927,1.2133276226313368
21.700000000000003,0.8494330500399951,0.8346779679091609
21.750000000000004,2.4375726868218734,2.265874170969261
21.800000000000004,2.69701265202062,2.202160739310348
21.85,2.5021043349341934,0.996038169955497
21.9,0.8522474642753248,2.1930756232653437
21.950000000000003,1.70909856771299,1.957378082943093
22.000000000000004,1.3782545498649978,2.3394404752844977
22.050000000000004,1.9980037339616583,1.2897127607493766
22.1,0.8852420929849247,1.7009792017797047
22.15,2.5851642010059415,1.6209421989319694
22.200000000000003,2.903338256729575,3.159990759985991
22.250000000000004,2.1431833212216724,1.759065858665465
22.300000000000004,0.873687690856776,1.8808320652597328
22.35,2.415209915859748,0.6418941786569538
22.4,1.4274104395930656,2.2296966875903994
22.450000000000003,2.943129338014163,1.6668703807712748
22.500000000000004,1.6460129632276304,2.9384877689978626
22.550000000000004,0.39009364100784905,3.032451809613376
22.6,2.1335965786976834,1.8712253533584005
22.65,2.197852779027908,0.9294626759907266
22.700000000000003,2.053037571393692,1.8937372837953603
22.750000000000004,0.7824104281908302,2.190365712422726
22.800000000000004,0.45211702251979313,1.4063304410263218
22.85,1.1028076563355709,1.6282474516352796
22.9,1.2542183918443728,2.5873607182713663
22.950000000000003,2.282041564602277,3.411081309414504
23.000000000000004,1.1522532937063992,1.123255495610734
23.050000000000004,0.23170598599484193,1.726634706146017
23.1,1.4152244805479142,0.29263009622692204
23.15,2.1884066836087186,2.85890437027422
23.200000000000003,1.9064953974734538,2.725303758692273
23.250000000000004,2.84999587928572,2.965483659330606
23.300000000000004,2.3741210627566116,2.2114379497495085
23.35,2.5735814079452863,1.7385414067993064
23.4,1.6427068750746772,0.47781924585947255
23.450000000000003,1.9323049428862147,2.7291900196927745
23.500000000000004,2.8389684118045873,3.220705258488718
23.550000000000004,2.1315266954270427,2.7313470692448636
23.6,2.782010560534161,1.65736790130337
23.65,2.210609141730622,1.5488411099803125
23.700000000000003,0.4242186291400236,2.1070084304734547
23.750000000000004,1.7408671685331016,2.1378856409452203
23.800000000000004,0.6974249809847561,2.548699686659279
23.85,2.317727989220738,3.2424272420383677
23.9,0.5460766083407981,3.133106545666701
23.950000000000003,1.0354029292824776,2.49006954726213
24.000000000000004,2.019369385150339,1.2698512859539748
24.050000000000004,2.3107107817090657,1.4740849920250085
24.1,1.150251218317741,1.2002674413099368
24.15,1.1765714279097885,3.0802790912388414
24.200000000000003,1.203141362265606,0.8078781437763733
24.250000000000004,1.5870509027855721,1.349885116002028
24.300000000000004,2.1554566214859507,2.3594346134598245
24.35,1.7761967842371797,2.9174838558443623
24.4,1.6201560120846334,2.513071162778707
24.450000000000003,1.3858057947659583,2.7763243746004034
24.500000000000004,2.342426430316612,1.9122068396322232
24.550000000000004,2.4379468675328293,1.6003566918314003
24.6,2.7733268157905604,0.743271194382303
24.65,0.8053236435348876,2.1480410925588505
24.700000000000003,1.7657201813550705,3.3155290538658955
24.750000000000004,1.4595658577774708,2.3486786333405876
24.800000000000004,1.2284315604918885,3.37800328383177
24.85,1.2194456823970423,2.5641946986672703
24.9,1.595408229250426,2.375043074854592
24.950000000000003,2.6807625034577365,1.4846810256944187
25.000000000000004,1.7715495596476838,2.339064082237794
25.050000000000004,3.096082071329177,1.3617136334104787
25.1,0.6905138271156351,3.125305636414404
25.15,0.2894447637054586,1.3434820579483873
25.200000000000003,2.977224201145907,1.6819486588479349
25.250000000000004,2.5018700899418764,3.236207463510352
25.300000000000004,1.0867481932531968,1.629490173051201
25.35,2.1468976919225002,3.137259637603825
25.4,1.5529988999520152,2.0471421168325703
25.450000000000003,0.5858213693703043,1.8766801910166502
25.500000000000004,1.8904225933659704,1.8870145920335235
25.550000000000004,3.446725664177051,2.9353119475923815
25.6,2.057444831134547,0.9263944209286812
25.65,1.3356602682717835,0.9357833894884746
25.700000000000003,1.3917747781975303,2.638086267749361
25.750000000000004,1.7292705005329179,3.2491884610347803
25.800000000000004,2.2286288557193767,3.950149471245213
25.85,1.6990309957449257,2.88980599440203
25.9,0.10296319887128691,2.89459291846059
25.950000000000003,0.7187251489668279,3.140306532194245
26.000000000000004,1.947725272230115,1.5980006038496675
26.050000000000004,1.0951825207659893,2.0487104294969987
26.1,0.9272361595361335,2.306379535701163
26.15,1.5797191032424165,2.1474429146315908
26.200000000000003,2.1863179951632805,3.4630516170778796
26.250000000000004,3.8064585331007055,3.228460426708234
26.300000000000004,1.233015353002336,3.441220457522281
26.35,3.2787192761048183,3.2108888953791825
26.4,2.1690167917600327,3.1282364088553285
26.450000000000003,2.5454642174221513,0.9279588578770359
26.500000000000004,2.0830456292147934,2.7076660197049005
26.550000000000004,1.718260099872941,0.656466501986827
26.6,1.5868405961608787,2.2587240274752065
26.65,2.5348349081869275,2.59657921433801
26.700000000000003,0.29982724884826517,1.568525325666655
26.750000000000004,3.043010843109504,3.4118413950552835
26.800000000000004,1.8280579676178719,2.46631472604811
26.85,1.3568118379120069,1.8926170441596397
26.9,2.337314980806218,2.6589287846660876
26.950000000000003,2.016395285561838,2.5720546075451556
27.000000000000004,1.9301600494761502,3.231501101009067
27.050000000000004,0.2558182537603356,3.007412307788561
27.1,2.0332851648032166,3.510734483459171
27.15,2.6956992587803903,1.9263436493263384
27.200000000000003,0.8475677663475257,1.4190737928153454
27.250000000000004,2.5871490780113326,3.506968744676154
27.300000000000004,2.0085043190442553,1.8560117876938305
27.35,1.6327923997072409,2.5661317722872443
27.4,1.2982958893524748,2.852208392543974
27.450000000000003,3.7836601652164497,0.9445999632925192
27.500000000000004,1.4813080872000493,2.6268320283948574
27.550000000000004,1.4233667995030657,1.496972542609858
27.6,0.9432979128418382,1.4624281072968577
27.65,1.7644790746154526,4.370003785841784
27.700000000000003,2.646474318574825,0.8402950276289731
27.750000000000004,1.987283476966748,1.4065567325749582
27.800000000000004,0.7183983981577104,0.8142366909276894
27.85,0.03989676870602521,3.1593779058747358
27.9,1.5674362190145568,1.4562411334465386
27.950000000000003,2.22780064287579,2.0600688682844837
28.000000000000004,2.640515548985978,2.6249856506791365
28.050000000000004,1.6383502586146468,3.1927164246029367
28.1,2.154373318527181,3.595902893663425
28.15,2.601232757579905,0.9780321620807093
28.200000000000003,2.1284786026836198,2.2536765008949216
28.250000000000004,2.1989609497137903,3.5432835508855947
28.300000000000004,1.510160914452379,3.11295548412006
28.35,0.8252811111054063,2.6398708564238396
28.4,2.5706757086736634,2.564202613195314
28.450000000000003,2.3976733124537546,4.044586277001667
28.500000000000004,2.3146126408695067,3.2161927621364437
28.550000000000004,1.2766200021310583,1.7008782337570312
28.6,1.3424275255172262,2.089537676492797
28.65,1.4467857452587718,1.2516674073794518
28.700000000000003,2.0421882281144463,1.9861513264872594
28.750000000000004,3.1924421407957233,1.9105779447936275
28.800000000000004,1.6226149347477816,1.1108161893915178
28.85,0.06961005055409505,2.864725049991528
28.9,2.069982893328313,2.8878544375977984
28.950000000000003,2.307716314338743,3.7023653799572087
29.000000000000004,0.2727434999203792,3.0162039738041884
29.050000000000004,1.742054383875,2.5407093651933654
29.1,2.1932503659440683,3.859416475433664
29.15,1.8922253927207935,1.390536254405214
29.200000000000003,0.05666825196960312,2.672272898386746
29.250000000000004,2.6910536944502015,1.8201326883772257
29.300000000000004,1.7513768925301,0.7063502122548264
29.35,0.49146778246414236,0.7065223107771225
29.4,1.7545070726814265,2.0248983374537657
29.450000000000003,1.6099313143150156,2.593585046874775
29.500000000000004,0.3131667957164333,2.4968092070173036
29.550000000000004,3.4664666730698226,2.0813771555841036
29.6,1.5895184515027319,2.295223035067819
29.65,2.719072231781866,2.1608370703055497
29.700000000000003,0.9655435465404528,1.45654868591502
29.750000000000004,0.7488935998713983,1.520503356678955
29.800000000000004,1.4114219334659115,2.4659917779485596
29.85,1.864068607759668,3.5903623039554624
29.9,1.5777576793865777,2.2468522904238855
29.950000000000003,0.09671098588022628,4.094022979625373
30.000000000000004,0.9209085285547066,1.3966750245996384
30.050000000000004,2.3740320344664783,2.4826195584474156
30.1,1.2573469672750213,2.348413961772914
30.15,1.3787386054008612,1.9907666972724742
30.200000000000003,0.18779357991883736,2.9117741026272115
30.250000000000004,1.3555803510664193,1.122377044632513
30.300000000000004,0.6142177063990815,2.0674675871740744
30.35,2.662661528323614,2.2128396351444914
30.4,1.0099002618803725,2.9192218864424926
30.450000000000003,1.8822783350174643,1.518675679573312
30.500000000000004,2.3686856119931794,0.20026138350549116
30.550000000000004,1.651537254965839,3.097770548135301
30.6,1.2277732091810443,3.014992572247013
30.65,3.014127792245508,3.0822537437209605
30.700000000000003,1.5403093083515451,2.0163777043682067
30.750000000000004,1.4856830847695182,0.05506914004857823
30.800000000000004,0.9007391216299933,2.466759887979975
30.85,1.2777632333873776,3.4833517015320417
30.9,2.821717745403408,1.775385301581137
30.950000000000003,1.0924028220318158,1.5603176351163959
31.000000000000004,1.762985218972703,2.160915710440359
31.050000000000004,2.6301476862417084,2.3227467834167923
31.1,2.3145976023040973,1.9570787091415107
31.15,1.8699109073941917,2.8163589737118375
31.200000000000003,2.6075288158608547,3.239775975474057
31.250000000000004,0.6179249290642091,1.5352569940012966
31.300000000000004,2.0534910524085808,2.4166986915240645
31.35,0.9694690090162779,2.242966294573014
31.4,0.8363643267196977,1.231320246306573
31.450000000000003,2.2355737906626194,3.378735860738684
31.500000000000004,2.578806659490346,2.5398560221653077
31.550000000000004,2.1070544971877165,3.149026218704181
31.6,1.6303206068716973,1.7346017794724378
31.65,2.8045126788873795,2.0135875391784626
31.700000000000003,1.6441894026558672,1.991469293573355
31.750000000000004,2.066055565294307,2.68990284814392
31.800000000000004,2.309627072105645,2.3941055444519073
31.85,1.335270261575979,3.3478073125420083
31.9,2.9146465476108028,1.9201501393250895
31.950000000000003,1.3781107754241877,2.019417149987002
32,2.12668800862673,1.5264094143562243
32.050000000000004,2.472145163381116,1.9392123047929821
32.1,1.9590631790586828,1.8565691433026519
32.150000000000006,0.45188003265556176,3.7200011087229026
32.2,2.4625107307952447,1.2517073016828069
32.25,0.6397522350509486,3.0677883698584414
32.300000000000004,1.7750397279589756,3.1832666549426314
32.35,1.963167142275657,1.461151583964912
32.400000000000006,0.46922217225327767,1.5717562127306257
32.45,1.8280700892437314,1.8823994899666947
32.5,1.7030674020728171,2.7232114420179094
32.550000000000004,1.8524189686040868,1.8410493825113712
32.6,1.0416896882306759,1.2683064519746536
32.650000000000006,0.8770242166188886,3.1623882121848474
32.7,1.142150192167181,2.286041156399967
32.75,1.1023377228569895,1.201458621042927
32.800000000000004,0.9701826339856139,2.9002001432830897
32.85,0.9455770255941891,2.048181740315596
32.900000000000006,1.0069663031880722,2.315610529822548
32.95,1.5763912694833706,1.787984714603172
33,1.1829835369275403,2.927569108330933
33.050000000000004,1.7637071414876782,1.5767807933483442
33.1,1.862989254880767,2.0162889875898475
33.150000000000006,0.6697256450961767,3.0921560070412806
33.2,2.432027637538825,3.4395630287316314
33.25,1.3538850084395462,1.6089888439816935
33.300000000000004,2.7120079663662153,2.47777038664833
33.35,0.3787211995097308,1.0635732225718455
33.400000000000006,1.965194439435077,1.7619187908097569
33.45,2.5205380689951786,2.8461103796996814
33.5,1.6174442970831029,1.120201739503111
33.550000000000004,0.9408478275088221,2.2461919058066635
33.6,2.3823487121048013,2.2961717226498686
33.650000000000006,1.727145639716228,2.720729737756883
33.7,1.5113159253757282,1.4836675366570518
33.75,3.391342489401929,1.7169894868869644
33.800000000000004,0.15177245224095012,3.0833437752579433
33.85,1.3268478140852997,1.8126616040480235
33.900000000000006,1.4480597921219742,2.351851471886851
33.95,1.9868837003527424,3.064346421873027
34,1.823466661189412,1.7250458267121982
34.050000000000004,3.933537485087066,2.293342359222884
34.1,1.7944327853678286,2.1138458675894345
34.150000000000006,3.2419034104895967,1.1039330572499266
34.2,2.2822663270367713,1.8587955917262522
34.25,2.6750501912248135,3.611217946349065
34.300000000000004,2.4746536525950744,3.346531741421339
34.35,1.3689107947880794,2.1919109167227857
34.400000000000006,3.116279841580513,0.7733591917987782
34.45,2.4401670323763,2.8629725755253572
34.5,1.7011462158546284,1.271976562779443
34.550000000000004,2.2655713487464713,1.9309990822526883
34.6,2.9182835159927456,1.3683356690262642
34.650000000000006,1.8751534023981449,2.1204739259875067
34.7,1.176213598818947,2.1643945493483474
34.75,0.9236009268428795,1.5207891018597341
34.800000000000004,2.847405559796401,2.608404638474703
34.85,1.8350614970914387,1.3166325635876492
34.900000000000006,2.2430495865710722,2.566306436357434
34.95,0.5246051196428559,1.5065967053030866
35,1.8972390958190375,2.464759095736344
35.050000000000004,1.3943405116704066,2.39829787041388
35.1,1.3914531456237067,0.8649657287979722
35.150000000000006,1.2212005290032342,1.9745329645477372
35.2,2.3689566309927024,1.3200880095474146
35.25,1.6368959485174939,1.5754032117371086
35.300000000000004,2.11386387189567,2.5554302836223446
35.35,2.570374205205724,1.540258194176262
35.400000000000006,2.8049291214772083,2.6543373927573644
35.45,2.390731885276099,1.8294870666378291
35.5,1.6559693157525501,2.8817672511860537
35.550000000000004,1.8725724188086383,2.8757281742317837
35.6,1.7677606793331493,3.3996353037046902
35.650000000000006,0.142232866260448,5.197466650026547
35.7,1.48736803980897,2.3900814536555046
35.75,1.0929894650000016,2.736191051486957
35.800000000000004,1.4618384511968237,3.029450095309385
35.85,0.4286564436337285,3.4087771876619337
35.900000000000006,0.5625422982098759,3.1106873222646683
35.95,0.8561554432279528,1.0942404269767847
36,3.003286354451398,2.262914687961109
36.05,1.7462902827198017,3.00437235785089
36.1,1.9941614411535844,3.321607021375688
36.150000000000006,0.6318476505281339,1.9323457524878824
36.2,0.9828001806913427,2.288012590773791
36.25,0.5989824616051391,0.5043864903041255
36.3,1.6026084747958813,1.3558184547469536
36.35,2.457334404884845,3.8035636883271655
36.400000000000006,2.163343862388997,1.3356734032037654
36.45,2.8701265096788666,3.1412378193174035
36.5,1.330536742529889,1.7367632196129308
36.55,1.1816965801812982,2.114014775781581
36.6,0.14020734026608242,2.137579232884621
36.650000000000006,2.0538606057365665,1.6833309639935568
36.7,1.4154075484504598,1.1072321658038082
36.75,0.9839602593960837,3.0689125260011627
36.8,2.9202289825077097,1.3873227636316872
36.85,1.6047121248245864,2.03840907625371
36.900000000000006,1.1249347014559543,2.0344642852555808
36.95,2.835405172685621,3.0726416612126637
37,2.2715416530680264,1.7801844716353916
37.05,2.523618509458031,2.645399834313899
37.1,2.501146663589566,2.2379129936981266
37.150000000000006,1.790541595194999,1.9776186608456605
37.2,2.885215973411923,2.7166787589320656
37.25,2.5875567268311617,0.8947597905862781
37.3,1.5842092658429276,2.192747968274524
37.35,2.258961630388179,1.9230195395240994
37.400000000000006,2.5652329543715253,2.5081247395957793
37.45,1.5675763792332411,1.3140487312359304
37.5,1.5090132134907799,2.5564816744925953
37.55,1.0993370171874406,1.4688563068185934
37.6,2.0820763542239367,2.0538690333147303
37.650000000000006,3.8893813064345375,2.588329138822506
37.7,1.5346460994729814,2.429337985663967
37.75,2.8416952030254796,1.5244574708621497
37.8,1.2357770712244331,0.07962306320101936
37.85,0.1379044226234608,3.0612268869446355
37.900000000000006,1.6539122140909563,2.5451393238757736
37.95,1.9191593123560757,2.6251481554956895
38,2.908213002728755,2.750275561018175
38.05,2.5318531160901756,3.7825241066294426
38.1,1.10333112098689,2.380548122173237
38.150000000000006,1.5905089871717442,2.404024952569757
38.2,1.1536446334280226,2.3208551970837386
38.25,0.9399417100248519,1.8071348515815722
38.3,0.9425844726184083,2.134816938861003
38.35,0.7117887323069407,1.9404565736550081
38.400000000000006,0.7979912849020969,1.8075486167273969
38.45,3.7173619979301513,2.7791005830916284
38.50000000000001,2.258461291848004,2.312520863566311
38.55,1.0308667097472957,1.4330414636862803
38.6,1.7467040733501165,2.115176448813061
38.650000000000006,1.6841749165183937,0.971384536395834
38.7,2.2701357750169957,1.5648885190732522
38.75000000000001,1.0271638114716777,2.569893267213976
38.8,0.01177595924738847,2.8814568527117315
38.85,2.472632983878623,2.821893886962886
38.900000000000006,2.427717343065276,2.563795374661354
38.95,1.465168446804159,2.7020852137000713
39.00000000000001,3.2499580101411274,3.7855673170945234
39.05,1.3996203804186957,1.6338377453405935
39.1,2.15198974206855,2.5324001910731013
39.150000000000006,0.05573588914605644,3.772170056621354
39.2,3.568229840921655,0.9155727801279521
39.25000000000001,1.7207644740221495,2.2709528297458217
39.3,0.6031459469074891,2.262988066094544
39.35,2.2150726033651407,1.8315504283034365
39.400000000000006,1.951628573443383,0.985619353580484
39.45,3.2203144665502714,2.50059002492998
39.50000000000001,2.0436612370981933,2.229928964380003
39.55,2.451151744754089,1.0437647246256543
39.6,1.7869572506993936,1.3474145652847587
39.650000000000006,3.490071227142157,2.3522385728292075
39.7,1.3366577488413598,3.026637033776537
39.75000000000001,1.4123042086254225,1.7783639065847188
39.8,1.4852583694053059,2.588060356933375
39.85,2.5966271212764074,1.2416634951901406
39.900000000000006,2.705753225860198,1.8935663742784086
39.95,1.486826807718069,2.4255043452634375
40.00000000000001,2.059242467641387,2.302606949899406
40.05,3.412390338061905,0.7622436700295603
40.1,3.4285482357323644,2.2833475526960916
40.150000000000006,3.9791243763924173,3.8349866672977844
40.2,1.8119389614573316,1.5429816070796405
40.25000000000001,3.092078800747295,3.621097550446067
40.3,1.575539351585631,2.664097800749567
40.35,1.2614250765143082,3.9365508602462604
40.400000000000006,2.3715568774883025,2.196355414706203
40.45,1.879443098814191,3.2835074459086484
40.50000000000001,1.1356330009429951,3.3290437650437337
40.55,1.8865209089639903,2.3679464594706805
40.6,0.8208119561043637,3.709951653716536
40.650000000000006,1.8421238352396763,1.7854667934391362
40.7,1.9917957817697092,1.0465026916911915
40.75000000000001,3.0378504294808932,2.9977241125540814
40.8,2.626987827876327,3.6973629228842335
40.85,2.0317046560359984,2.005017796707644
40.900000000000006,3.234833596689829,3.439215880480918
40.95,1.3968243727459204,2.2535044451931934
41.00000000000001,1.7017253291061594,2.8599452593225014
41.05,1.0997836169339281,2.638175744562205
41.1,2.107647019666296,2.801067502657351
41.150000000000006,0.9036611956487798,2.440742625369573
41.2,2.141225462419836,2.11877275012309
41.25000000000001,1.4465712037325162,2.7019784173608326
41.3,1.9026292609808413,0.7654942571699528
41.35,0.09378976892307109,3.1184162657178023
41.400000000000006,2.898102872664067,3.767842362720427
41.45,1.150069786631533,1.4168400355932835
41.50000000000001,1.2895455322152334,2.49031200852259
41.55,0.9681329497974485,0.8688494187982094
41.6,2.18613904292311,1.3184171691399371
41.650000000000006,1.8145761569324148,1.4452623205341402
41.7,1.053772202927245,1.6122064789182189
41.75000000000001,1.5889959279756318,2.1833336155891527
41.8,1.4992057959218963,2.8363009346892705
41.85,2.658756621755429,1.7382753717593922
41.900000000000006,2.7299245926703763,2.7694605586360863
41.95,2.506312798848379,1.8622770116671135
42.00000000000001,2.095555434496923,1.615856517757847
42.05,1.4506706303837127,2.039227896680125
42.1,0.07868091737305961,1.7620261830406148
42.150000000000006,1.5733412913878249,1.4245371655230996
42.2,1.7772471947452433,1.4829139127859345
42.25000000000001,2.400130752219283,1.4079769453599307
42.3,1.52174823543029,1.1028036566768593
42.35,0.9588294794201271,2.137991073813009
42.400000000000006,1.7223010164296482,3.349182994180296
42.45,1.7530901280128233,1.4218694614601937
42.50000000000001,1.6027257042886196,2.0653837796129535
42.55,2.930818605595395,3.5726112265079664
42.6,0.8635311492109168,1.9325721675626402
42.650000000000006,1.06179000616193,2.96847057895691
42.7,2.0992979798823477,2.8501323275436583
42.75000000000001,1.9188032734598406,0.5663519931434815
42.8,0.4168772569176178,1.667800147981405
42.85,0.3839799308247822,1.617241049044903
42.900000000000006,1.6718531325837704,2.5856207261081114
42.95,0.18323549849956974,3.2835008219260247
43.00000000000001,2.1939471057038027,2.957200899765284
43.05,1.9432227701694518,2.527211848825015
43.1,2.428200460326219,0.7070868130741443
43.150000000000006,2.120189983889112,2.711441328086952
43.2,0.8899010585014387,1.3150654847248608
43.25000000000001,2.0092377738292253,1.2612372275744197
43.3,2.8521597866098194,1.5635126241741766
43.35,0.8244432295829784,1.6192056718639614
43.400000000000006,1.6004111669991437,3.2238664872768847
43.45,0.42168733808830894,1.6926546974313144
43.50000000000001,1.7835361641329466,3.9226473961031845
43.55,2.3222586547557467,2.9286293609218403
43.6,0.7704006196947972,1.8357438755473137
43.650000000000006,2.020102423342146,1.3932988128249293
43.7,1.2668727623452518,2.401346188439093
43.75000000000001,1.1509013319484613,2.063514478315844
43.8,1.709685069847773,4.686914399950037
43.85,3.090754049505795,1.2017312992454068
43.900000000000006,1.072800660130286,3.063942676048013
43.95,2.2728614271357337,1.8158717229316848
44.00000000000001,1.914368062943433,4.317259284115876
44.05,2.910394672330372,2.4810279114055884
44.1,1.0244345503253296,2.2013574316918323
44.150000000000006,2.72787531997862,2.3778749431117014
44.2,1.7482411122444201,3.2126271514409934
44.25000000000001,2.0356005638393677,2.0623460222420658
44.3,2.064145600050364,3.123193028986492
44.35,0.735507100899716,3.6683649354683423
44.400000000000006,1.6011929674912357,2.368142727368256
44.45,1.0826135290458003,2.8523161462130786
44.50000000000001,2.02263313271217,1.697844777096351
44.55,2.563656520550881,0.6916963917540043
44.6,1.7006407500732377,2.306626570991047
44.650000000000006,0.18721953780712053,1.8673164497562806
44.7,0.4404939219059006,2.966063779396918
44.75000000000001,2.28640741943766,2.9323304736613673
44.8,0.7481196078733051,1.6380921673536986
44.85,2.548529028763949,1.1159234256164878
44.900000000000006,3.504058532571217,2.6136237817663472
44.95,1.9267221261485825,1.5741805147164512
45.00000000000001,1.7375229799172534,2.215009037254642
45.05,0.9387262277346723,2.170809693593666
45.1,1.7475610755728779,1.4958510133443368
45.150000000000006,1.19251270822601,1.5102096040034034
45.2,0.8816019152282005,2.8952551231326846
45.25000000000001,1.2978660472869126,3.2803685824662985
45.3,2.836566985332521,1.088855252351645
45.35,2.2585056871793,1.6819585669335209
45.400000000000006,0.8307383825486834,1.9408285555973468
45.45,2.136668996943764,2.635048359976193
45.50000000000001,1.4695932498839992,3.8613272738070865
45.55,0.6984231008357957,1.6921870502745775
45.6,2.2190130928786473,2.3814484247359884
45.650000000000006,1.9322508058879642,1.4895629023172283
45.7,1.3689931067184256,3.309764378690197
45.75000000000001,0.5668110127378179,2.213859895878496
45.8,1.2595860011645192,2.7664823348163825
45.85,2.415454118873216,1.721317000628665
45.900000000000006,2.5179857994033563,3.984166159871884
45.95,3.332736505935528,2.9314666870780344
46.00000000000001,3.2674433366714846,2.401627198381662
46.05,1.1088745594015301,3.4510200768998383
46.1,2.9515688832359674,2.8799319052097867
46.150000000000006,1.8062763942730478,1.6829993337306246
46.2,1.1865214438562777,1.9374209917400333
46.25000000000001,1.6867173791973953,1.0409886186111843
46.3,1.5222244901300672,2.4013815501559868
46.35,0.1680114881268925,1.9413334824919608
46.400000000000006,1.9135696421215886,2.716153793627954
46.45,2.4738430420995567,2.070993336378037
46.50000000000001,1.2541586368859088,2.3362664546005965
46.55,1.5772561091558113,2.8358585252613615
46.6,1.9571616224727943,2.1702994195204233
46.650000000000006,1.6646380965136278,2.129215890730034
46.7,3.138862557923299,0.6430364806042053
46.75000000000001,0.9368637237577466,1.4627100889489753
46.8,2.1796386866111424,2.2111405234020243
46.85,1.6496111091291077,3.2618435007986584
46.900000000000006,1.0923956434550992,1.6387250848378903
46.95,0.13307010773252612,2.82859519338726
47.00000000000001,1.5338057256912618,2.5455126290694334
47.05,2.547668099722697,0.4036429768166546
47.1,2.885748862680111,2.287137988405394
47.150000000000006,1.1702096675345262,1.9716245523021427
47.2,2.2157565348530848,2.150175300532862
47.25000000000001,2.590393955281244,3.363293979861048
47.3,2.3060162094045737,0.6622443107165901
47.35,0.8617149385585022,2.8562381056495934
47.400000000000006,3.158445152001343,0.8893919362224583
47.45,0.8291631624511283,2.6366297774632232
47.50000000000001,2.320008340508587,3.0341965601668712
47.55,3.472852738114057,2.5973176137027085
47.6,2.39485824745467,2.041464806699047
47.650000000000006,0.562823254178475,4.026653763144079
47.7,2.1312553302514337,2.0291948221670078
47.75000000000001,0.9519968432946644,1.3783120255339925
47.8,1.5526319878299497,3.8492650852467
47.85,1.3488937334569686,2.763109669517435
47.900000000000006,2.677400615430786,0.8010781024200306
47.95,1.3133645638936944,1.9735294600458813
48.00000000000001,2.4136039435219603,1.3948163366371182
48.05,1.7108327477819545,3.265779374778288
48.1,0.6426522450211083,1.7333135321685034
48.150000000000006,1.2223992326301685,2.7668978409253873
48.2,2.1012305365223605,2.1393784174474115
48.25000000000001,1.1635113504985335,2.1251772823490915
48.3,2.1823136006948953,2.580539639829715
48.35,1.509435945668097,1.9084936259442458
48.400000000000006,3.944754876279922,1.9676183849371522
48.45,0.8483955445182585,2.193981696405745
48.50000000000001,1.45206082173307,1.3483169809180993
48.55,1.2614552762836588,0.23764491660633288
48.6,2.411020239160526,1.3192583646235128
48.650000000000006,2.738079538444425,3.586939055354117
48.7,2.5986874861667633,3.2542210969771386
48.75000000000001,0.7965691424429889,3.184067211111678
48.8,3.193324803461207,1.988535671553849
48.85,1.1387033005747427,2.3586597148581956
48.900000000000006,3.14235578838669,1.0364210386358077
48.95,1.9116059512455543,2.6132613442349637
49.00000000000001,1.4573351250248978,0.7764628166447065
49.05,3.05504659440581,1.612357895294349
49.1,2.594540087702907,2.073830581370551
49.150000000000006,2.8348696755288367,2.607737382774851
49.2,2.641037459570924,2.1411149024097416
49.25000000000001,2.6611898884155814,1.9535816267823036
49.3,2.0588330524052445,2.1483622113499137
49.35,1.683549703551555,0.7023264279457762
49.400000000000006,1.8644762199851597,1.029425389749868
49.45,0.8163712799384999,1.5453375708726407
49.50000000000001,2.2981372190742313,1.5835062601494223
49.55,0.6082571100520319,1.9746444571862605
49.6,1.882272342161192,2.6677521400489868
49.650000000000006,1.9140376006745106,2.1245837598254607
49.7,2.806091497980886,1.3700641567320138
49.75000000000001,0.2644457585446697,2.444280616352419
49.8,2.75002643275738,2.801181070680359
49.85,2.318080518455018,1.2037039914839829
49.900000000000006,1.5490557608230566,2.2270118733323487
49.95,1.807837605549898,3.500437980772516
50.00000000000001,0.6009072681823937,1.251125881913262
50.05,0.21914761543595962,2.5962960617502837
50.1,0.6624779085125394,1.5580622312033354
50.150000000000006,1.8479682647909783,1.2628563244876287
50.2,2.183547057144292,2.2891024296977545
50.25000000000001,1.9984444784042457,3.719370384612477
50.3,1.2092450088527447,1.9884572584416922
50.35,1.1315157989945313,0.6800912068560245
50.400000000000006,0.7361325845095641,1.3814848023776571
50.45,1.7585200046566014,1.5560279326301112
50.50000000000001,0.8733955145074148,1.8662134302686666
50.55,2.3706646351504945,1.7304536409918274
50.6,2.4502442563310045,1.8370561530871252
50.650000000000006,1.73695497131163,3.118992497730402
50.7,1.9888529240909445,3.077999130393955
50.75000000000001,2.5750909902437478,1.7181353514048694
50.8,3.0461003767590453,2.450438279661134
50.85,1.8810352923169995,3.1965741660247327
50.900000000000006,1.4400311429186632,2.475130321516703
50.95,2.606133873142382,2.2169588719597253
51.00000000000001,2.3107647362637995,3.291189106191218
51.05,2.447665010277871,1.772841454770046
51.1,3.051532445992497,1.721092167911995
51.150000000000006,1.1875838483726133,2.5478811008899154
51.2,1.4316824242908166,1.3661546548161252
51.25000000000001,1.1525777489554532,2.0567269836492645
51.3,1.9091329444722098,3.466929249288238
51.35,0.33631013382491215,4.15234138745341
51.400000000000006,2.8854162095022566,2.2968662062569547
51.45,2.660430362297564,2.302412716494852
51.50000000000001,1.7670449639310144,0.567452105948246
51.55,0.06941878183403931,2.768499405929025
51.6,1.6485309592303183,1.281056554079901
51.650000000000006,2.3511374169844785,2.105442608435849
51.7,3.337808048024592,2.550551771458971
51.75000000000001,3.3423078412476714,1.1411001451879903
51.8,1.784148488048016,3.6839611092645446
51.85,1.0327463297607111,2.5456220018055937
51.900000000000006,3.0232732133711004,3.3947826006748745
51.95,2.9375610664176057,1.6734717235962024
52.00000000000001,2.90301416535016,1.5436357582425666
52.05,2.6070640967444723,3.8776706714845344
52.1,0.4049143406098181,2.3005472893038945
52.150000000000006,1.8440077214787811,2.527369345959138
52.2,1.3637695020215839,3.5718556404169552
52.25000000000001,2.095284496311377,2.194341111068928
52.3,2.2461785941455,2.501913985776196
52.35,2.1164584539640146,2.749434215704098
52.400000000000006,1.5274875570241386,1.1429028570777089
52.45,1.6836368040169325,2.076239744912562
52.50000000000001,1.5242642494201188,1.5638516645333231
52.55,1.5508860757716347,3.648909984641808
52.6,2.0929277943151368,1.9038159052826658
52.650000000000006,1.1751446710381657,2.6955059809724533
52.7,0.7048024769532372,2.1577205092653373
52.75000000000001,1.4782238892119703,2.618956304385113
52.8,1.0634250815265431,2.42739384769602
52.85,2.1912637140414457,2.6311288939373885
52.900000000000006,1.2943644119844686,1.8035087635026739
52.95,2.385126626589359,2.2159339423079736
53.00000000000001,1.1991107528311948,1.44122610462828
53.05,1.913793517236669,1.788131471437921
53.1,1.3219173840184004,2.952034892752814
53.150000000000006,0.7985647771921274,2.4604794863250286
53.2,1.9718250945890734,2.17222621126519
53.25000000000001,1.945256350026881,1.8819784023876611
53.3,3.103513109841202,1.3193112358153338
53.35,2.095087166097445,3.1569275974530786
53.400000000000006,2.7556118477387916,2.133980140011416
53.45,2.50700408234635,2.3196744712527515
53.50000000000001,1.5726023567546414,3.531427400699685
53.55,0.4771784928169852,2.0384149282913446
53.6,1.6401739368040238,2.9910007795395144
53.650000000000006,1.2885708367448039,0.6349630414758203
53.7,2.1844310265566644,2.8225692813226275
53.75000000000001,1.6207423360398938,3.3311664567295236
53.8,3.5362675689642034,1.8797816001708199
53.85,0.575938415632431,2.7447097503559825
53.900000000000006,2.294043130564451,2.262320726231528
53.95,2.371119169795682,2.1002767265133873
54.00000000000001,2.738125178883242,2.5084436825498972
54.05,0.6498509088283835,3.0069054246013724
54.1,2.653510583980878,2.82138812613646
54.150000000000006,2.12578454672722,1.8370312413900325
54.2,1.972653919269796,2.0770548535479048
54.25000000000001,1.4970204035936276,0.7153130674396665
54.3,0.22270616702289472,2.533258443519205
54.35,0.9720500593115405,2.7686173414498043
54.400000000000006,0.5790685781184446,1.8787273152825361
54.45,2.3825087419704283,2.0593789653571912
54.50000000000001,1.765032827385021,2.0551646283176668
54.55,2.0333803725157398,2.228409044126483
54.6,0.6058552818577936,2.31099672281072
54.650000000000006,1.9779106115895364,3.6872483995335186
54.7,2.472396038247883,4.091511528413124
54.75000000000001,0.6061173922634765,1.683110148892758
54.8,1.6195995814098834,2.915087906853086
54.85,0.7717322330590306,3.372956950726618
54.900000000000006,2.152926161118126,1.9207498464264652
54.95,2.319335897737545,3.3024424710211506
55.00000000000001,2.394865185831594,2.8275715300007938
55.05,2.490894411020939,3.1397349684067635
55.1,1.03117862683866,4.037280780486347
55.150000000000006,2.503855119950769,2.4353349335989756
55.2,2.2273441936405076,2.8480569901917794
